000010001102110001202010201102
111001110010002100001000020000
000001112010110102101200002000
221100010000100111201000012200
001101111210010100100022000000
001101111011100000000002022000
000000002010020100021110011111
000002002011022111111001110000
000202000010000110100111021100
000000002010200111021110011100
110001100211110100111202002000
000101001010210100101021011110
111022010000121001110000000020
000200001000110101001110011000
111101001010010100101001020010
200201000010202101021010011102
022000020211010110102111001100
221121111101101022010200000002
000000000110001120111001011110
110101101011112100021000010000
111001010010100101012011100011
000201111010011122110001120000
111101112010000100000002000022
002000002201002010110111002110
110201100011110001100002000000
011110111101001110010000002200
001101110211100120021000200000
000001220010000111021111011010
100101111021100011000110002000
011111111110112100001000212000
100001000010200111201111111002
002001002011110112101101000002
200000000010002100101111011000
111121001000211000110000000000
000001200010000100011001111110
010200111001120011000110002020
110001100011000100021020010000
011111101112000100200000000020
020000000010000122021011111111
011101101010012100021000000000
110001100011100101002002000000
111001010210100101021210012000
000000001110010100101001211110
111101001010010100200220020000
100001000010022102001010011100
000010000100011002110001100011
201100221000010000120001120011
211110101120011022110000020000
002000000010000111001110211110
011001110210100101001000000200
111111011110201100000000000000
000020002010000120001101101111
111001111000010200110001100011
100001000010011111101120211220
200201000010000120021211011110
000100201000110021000112011000
110001100021102001000010000112
020001002010000120201110011100
111000011202010020100001000010
021121111011010002000000202000
000111011110100111000110200202
200000202000001010010101101110
020000111111110102001200000000
000110201000110201002010201102
200001120211000110001110012111
020200000000200011000110111111
000020000220111021010010101101
120021000010000100111101101112
001100011000110111201100011200
011021110010102102201002000200
200001002010000100021111111011
001100111011012000110022000000
020001000012020100221022011111
100001110011100110021100000000
000000020000021000211110100111
011000110021112012001100011200
001110010100100001001112011000
111001010212100101000210120111
200010121101110011220000000000
222000000022000110101101001110
000201110010111020010002100001
110001110011100100001022000000
200022010100111021100211000000
011111102111001110001100000002
000201100011120111001112010200
110001110012100101111000000020
002002000022000100001110011111
000112011101121110201022000000
102001211011102011000110020000
100221000010000101101010011100
110021122011100121020010200120
111111211110000200020000020000
112012111100110201100011000020
110001100011200110001110010120
000000000210001120011011111100
200021100001000210200111120110
001100011001112002112201100011
001120011010100111000002000000
000000000000000002010111111011
001112011100111201001010011100
110001101011110100001000002000
111001010210110100110020000000
011000210000100001000011102221
111001011110020120001002000202
201100011100111001111112010000
011000111011020110000000000000
101001210011100011002000020000
111101110010000100000000000000
120001200211100001000210000110
100001200010000100001111021111
200001200010000100001101101110
110001100011100101101001100011
110001120211000100201002210000
020000110200111000110001100200
000021111110111100001000000000
020201000012000111100001020011
000000000011120101000010102111
111121001110001100001000210000
222000011000100001001012011100
120001000010100101001110011002
000001000010000111020011200011
100001020010000120001110021102
110000100021000012000111000110
020000000000011020111111011110
000001122011010111100000000020
111021011110000100001000010000
200000200010000100001111111112
111001010010110100101201022011
100201020011100111201111000212
011111120111000110021100011000
000221000011100111100001000000
200010111111110110201100011000
000210000110001100111101201110
111001011000010000100001100000
020101011010102101021010011120
201110010201100010001122010002
020000011000110111100021100002
211100111021110001100011000110
100201000010010121101110000002
110001102011102101001012210111
110001110211120102001000010000
011021110010111101101020010000
001110211102111201102011000000
002001110010110100112002100020
100001000010020100001110221122
111001011010000100001000210020
020110001000012001102011000110
002002001102011000110111120110
110001112010002100001000010000
000020200000000001101011111100
100001020012001110010100101111
200000000022020000001111110111
000000200000111001001010011100
000000000011220111201011000110
100001000010000121001210011100
110001100211000111101211010000
011001110010100101001011220002
200000011102111111000000200000
001100010000100211000102011000
111001110010000100021000002002
001001110211100100001000010020
100001222010000100001000011110
111111110110000102000000002020
011100100201000110001000012202
100001020010011100121111000022
000111111112201020010002000200
100001000010022112001100211000
020010000102001011110001100011
100221200210000111101101100200
100101011010120101001112002000
100001000010000100221111000011
100001020010000100001110011020
200000000001101011010010100111
000110001000010000100011011100
110201100001100011000110001100
011200110001111010010120120000
220000000010000120001112100111
000000112001000110001102011000
001101111211000110002000002000
111111001110220100201000010200
110201110012112100222000002000
111001011010010102001000002002
020001101001010010102111000220
202120011000120101001110011000
000000000010000101101111202010
110001111100111000012000020000
200001000210000122001111202011
020001110010100101121001112000
100001021010010120101001211112
002000211101121011010112200020
200000001120011001110010101101
011110110101101000010200000000
110021111011120111001000000000
000001120011000111101022010000
000001110010111100111021100000
000020000000000001110011111111
011000110011022110001100000000
111001010010100100001002210200
200200000200000101111011111100
000200200010011111111100011220
011101101110001100011000110221
000200000000001101111010011100
020000000212200100011011111111
002020000002000020010211111111
011002112020112000100001102011
111011211110110020000000002020
221101110011102100000022000020
000000002101101001110001100011
111100001000211200010200120001
020001200010112111100110001100
220201100011011111100211020110
112001100011100011020200000000
000200000221101201110011000110
001111110001100011000112001100
100011111111011110000200000002
000200110011110000100021100000
020000110200100001110011000110
020020000120111001120011020112
111111011110001000002000002000
000010000100201000010000101111
111111100011000110022000022200
011000110101111010001100000000
100001100011000110001100211002
000001102011100101101000010002
110000112020100001000211000010
211101101110001000000000000022
000010000120001001110011020110
011110111111020020020000000020
200201000010000100001011011112
000020110021110011101100011000
000001000010110101021110000000
111201110012220100001200000022
210100101021110011000002002000
000110201000110001000010011100
100101001010110121001110001120
111001010000112201102011000110
100021000012000100001011111101
011100101201010112100001100020
100001000012200101001010211100
110001100111011111101000002200
000121001211010010100111020000
000000110001110010101100012000
000021000211120112001120011000
000012000102201011010011100011
000001000010110111101100211200
100201020012000112021100011000
111101110011102020000002000020
112001100011000112200110100111
110000100001100201000011000010
110001102011000011000210000102
111101001110000120001000210000
000200000010200100001111111000
111111111111111200000000020000
001000010010100101021112020200
000001111010010100001000010002
020000001000010000100111011110
000000000210000120011020111111
110001102011020110001020010020
100201020210002102001110011100
000000000000000110011111100011
000001000012102101001110201100
011121111010000100002000000000
110001112020100001000010020111
000200011211110000120021100011
110001111111100020000000002000
000021010010100111001120011000
111001011010002100001000010000
002002001011010111101011012110
001112010011100211000000000000
000000000010000111001112100111
111001010020120021100001000011
000000211100111111001000210200
220021112211020112001100011200
020200011211110100001020010000
220000000001100011000110201110
001121111111101100010000020000
000200000002020000001111101111
100001000010000100001111001110
020000000000001012012111101111
000002020000020100111111111110
011020012000110020100201100001
022000222000020011112111111000
111001012010100101000010200000
020110001000210111101100011000
000120001001110011000110220000
000001020110111111111101120000
100021221010010101121010011100
111001110000110000100001102020
000001012010100111001100000000
110201112010120100001000020000
000021000210020102001110011100
101101010010100101201010011100
000002000022000112021111100110
000200002100021111010010100111
000020000010000120111111100110
111111001112020000002000000000
102001000012020100001000011111
011001111010000102001000200000
001121111011100100000000000020
100001200011100001002011000012
201110010101121020210000200000
111101021010011102001000000000
100001200212000110001120011002
111021011110001100011002120001
111001010010100100001000000000
000000000012000102101111011000
111101111000012020120001200020
110001110010110000110000100000
200000110001100111201100000000
012200101001110011000110002000
112021100001120001100001000210
111001110010200100001000002000
011010111100110200000000002000
021100010000100001000110011000
111001011010000100021000010020
100011020110001111010011100110
011000110002120001000210002112
110121101011110111001200222000
020010001100210010100101021110
111111102100001000200200002000
011110100101021110011000010000
110111111111100102000000000000
020000101001210011100011000000
001100011001110200100201100000
000120111011000110001100000000
111101110210000100001020202002
200100001020010110102111002000
000000000002200100011111111011
001100001000010000100021100011
000001100111021110010101101110
000201000010000110000111101111
011110121120211000000002002000
011110102100201200010000102000
120021000010110111001100011000
011110101111000110001122011000
002000020002001100111001211110
000220000010000100001011111100
200002000000000011100111101111
211111120110001100020000000000
002110001002010021120011000110
200001111200012000100001100201
002000000011000110001100011111
110001110000100001120001120011
110001100011020110201111202010
001100011211110000100021000010
110001100011110100002020000022
020000000212000111001110211100
110001111010010100101000010000
100001000010000100201111111111
112001120001000012000110200110
000022000201110110101100011000
000200011000110001112001100011
002000111011010000120021102011
100201020210000111001111100111
000000100001000010100101001110
000001100001000211110011000002
000021110010110100101001000000
010020100001000012010110100111
100001012011100112001100000000
000001100211211111100020200200
111201212010110120101000010000
100001112011100111101100011002
111201011012012100000000000200
000000110011100101121001110200
001100010010100101001010011100
200020200010100111001120211200
000021100011000111100011022202
000001100211100101001011110000
001120011010110101001110001100
111001010010100101101002210000
002000002000000001111110101100
111101011010020100221000000000
000110011120111000010002020200
100201000012110111101120011000
001100011001110211020000200200
211001110010110122102001000000
001100011000110101001010011100
102001000012020111001120211020
100201002010200101111110111021
021000012200100011000110021100
100111001010010101101110000000
000001100021001010010111100011
110001101111111100010022000020
111121002010200100201200010000
220001000010002111111100011200
111001010010112101101020000000
200001010011100112001100211000
112101111010002100001000000000
001100011002120111021000010220
002020200000000011110111121001
002001011011110000120001000011
000001211012100101001110001100
102011011110100111200000000000
111100111100001000210200100001
000000220210202101111111100011
011000110001100011120021000000
112101111010000100000200200020
001100211000110011110002100200
000000000001200010000111101101
011120101011000110020000000000
110001111010011120001002010000
011201111100111200000002202002
120201000012000100201110011000
000000020010000101101011111111
110001100211000100001200010020
000000100011000110001100011000
111101001010011100001000000000
020201100211000110001112001100
202001102011020110001120001111
000200000000110001100111011010
100001020010100121201010011100
000020020200000111201110011100
200000020011000111200011020110
111101001010000100021000000000
100101001010010100101001011110
011101101210010100100001000211
110201100001000010000110002110
000010000112001100011100121111
000001000110011120101001011110
111101001010010102101001100002
000001000210110101101010011100
000001112010100121101011000220
100001000010002110001100211000
000001000010000120001011111111
110220100021000011000010020110
001110110101101000200002000000
002000000000000111102111001100
102001002012002100001101001110
011101101210010102101001210011
100001200010011100101111011020
000010001100210000101111201100
000000000011000110001102011111
110001100011000110002110000110
211011110110111100111000002000
220021110000120001110011100020
100001000010000100001010011100
020000110011100111201110011110
111111000212000102021200010200
011111101110011100001000000000
200020002000000111011111111011
000110021120011201100011200002
111001210010000100001200010200
000001000010000110000100021111
110111111101100000000020000022
110111111012020100000000002000
111110111121100011000200000220
000200020000002112011111100011
000001000111111011110110000000
020021122011110121101002000000
100001110011120110001100000002
011121101011000110000200200002
022012000120101001110001100011
110001100011100111220000222000
002000000001111010110100021000
000002000000112111111110000200
000020000002110001101111011000
000001020011000110001102011000
110001100211000100021020010000
200000020011111110010000120000
200010000100201020011000111111
002001120001100011000110001120
200100021000112111001100011000
020001002010200110020101101110
000012000100011211101100011000
011101111010000100001000010020
100001100001000011010011102110
022221102011110102201000010002
020000000010000121111010111102
020111111011000110001100000000
020110221200010000120011000110
200010100101201010210100101111
111111011010000100001000010000
001112112101221010010222100001
020001100011120101201010000200
011021110012100101220011000110
011110121121000010001120011000
111121101011210000000000000000
000001000010020121111111100011
200000211122101011011102011000
111101110010000100001000000000
000001000010000100001111021100
011101100010000100201000010000
000000002020000001111010111100
000201002011111110010000120001
011100101102001202010000122000
000001000010011101101010011100
000001000210112111110001120000
011111100010000100001000012000
001102011000110111101000002000
111001010010100100001000012000
000001000011100111211110100111
000001110010111100001000210000
001101110010000100001000010020
110001100011202110201100011100
110000101001010011100200000020
002001102111101101110000000000
111101110011100011000112000200
002200011201110010112101100200
110201100011111100000200200000
010201120211020110021100011000
000110211011100110001100202000
022010200100111011200110000000
101111110111000000000002020000
011000112000100201200011200010
110000111001110011110000102000
111000011000010000110001100011
100201001010010100101101201110
000201000011110110101121111001
020000001100010101101010011100
111020010000100001200011002110
000001000011000010020101101110
000000220002000000111001111112
110001100011112111100020020002
110001100001002010020111001111
001112011100111001100000020000
020221000010002100111111102111
000110001100010000102021002110
001101111110020100000000000000
000002000201020011100111001100
000000000001110011100111001110
020000002210020111001111011110
111111000110000100201000010020
211201111111020110001120000000
000120021010010120101111011000
110011101111110102001002010000
000001000010020100001111011010
202202120001002010112111100110
101001010010100121001210011100
000001100001000010010101101110
001110110101002010001100020222
111101000210000120021000210000
100001000010000100101211011100
000202201100111001010210101100
110021100011000010000102001100
111100111000011000010000102000
111112110100001200200000000220
000021101011110111020200000000
001001010011100110021120000000
200001110011122111020200220000
000001100111001111111001100000
011001110010122101000010000110
120201002010000100001000011110
101101111111001110000000000000
110001100011000110201020010200
111201211010010100111000100001
000200000100011102101011211120
100001000012000100011000111111
000222221100011001110202100021
110001110010102101201011010211
111001010210110000100221000002
201101212010100111020000000022
121001110011000110001100000200
002201002010000101001110001100
100001000010000111001111011110
000020000000101001112011020110
000000000100001011112101111011
110021101011110020000000002020
200000000211001010010100101111
000021020012000101021112201100
001002010000122101201010011100
000010000110001111111100211002
102021000010020111100001000010
000100021001110011000110001102
000000200100001000110111020110
110200102101111021100000000022
102101011012100111020002000000
000020220020011111111100011000
110101111210110102200000002000
100001020210000120221000011110
112221100011020211000011000011
000001000010000102001011111100
000001200110011110100111001100
000001000010110101111110011000
111001011110000100001000000020
220000020000202100001011111101
200111111101101200002000000020
002020021020010001101112211000
011001110020110001100000000000
111201010010120101001000000000
200001100011200110021111001111
111121001110001102211200000000
000200202001100011112100111000
200110011102100001000112001000
202000000011200111101201012010
011101100012000120001000010000
111111100011000110001100011000
100001200010000100011111101100
000020001120010011100100011000
111101001010010100111000100000
000001100011000110001100001110
002200001120011110121101011110
000000000000000111111000112001
111111000110001100010000022000
000000001111010011120110021100
011201111011010000100000000020
112001100011002110001110010020
000020000200110011121100011200
020000000000200000111111111002
111101000010000120001200012000
200000001000010111121111211000
211111100110000100201002010000
110111111110001120001020000020
220001000211002110201120011020
011111111110110102020002000002
001120111001111000000200020200
011101101011010022200020000220
110011101111110101100000000000
011010012120111001100000000000
110201120011002111001220010000
111111000110001000010002020200
110001110010110100001000020002
100001000010200120001221111111
000200110001100011010110102111
000000201100010011100111011000
001100211120122001000012000100
101001110011000110000000000000
111101201010010100001020000000
002021100011020110201111011110
011200112011100101001010012110
111112111122000020002000000000
000020020011002110201100001111
001020010010100111020110000000
111111011010000100021000020000
110221100011002110201002010000
000000000100001001012011100011
110101111210002100001000000002
000001002011000012000110000111
020000201000010001101010011102
100001000010000100101111000110
110201100211000210000102001000
211010012120111001100000020000
022200000010000100001111011211
120001110011111020010000100000
011100101111000110000000000000
110001110010100101201002010002
002011001111110110001100000000
000001100011000112002110000100
001100111001000010001100020000
111110000120021000012000120022
220021020010102101001110011002
111111000210002100021000000020
011101111010110100001000000020
020000111101110010000102211020
001101110010000100001000010002
011000110001000110001100011202
001000112001000010001100211002
000000000000001101111011111111
111001112011100111000210000110
000010021100110111001020000020
110001100011100101112000100020
000000102011020110001100011202
000201200011200210110111000220
000001100011000111111011010000
011021111110110101100000000000
000001001111111110021100000002
011100101011000110201100002002
000001200010000120201011011100
020000211021110200100001100011
011102101021010000110002200000
001100011011110111221000000000
001110010120100001000112211000
011111102112201100011000000000
200002000010000100001001111110
000001100011020110001100011002
200100001011110101101000210002
211011111110000120021000020020
000200000011020111110110101120
001120011100101101011012011100
020000201111110111000022000000
002020101101111011010000200200
000201110010100001120001000212
110001100011111102001202012000
000001000010200111001110011111
011201110000100001022011100001
001020010010122111001102000000
111111110010000100001000000000
110001120011110102100001120011
002000000000111101001110011000
112001100011000110001100001111
011012111111200102001000010000
000001100011111111211000110001
121111210010102121001110211000
102201000012000100201101021110
100001220010002100001111011002
000001000010010100101001011110
000000000001000012012112100111
000000111021111011000200000000
020010000100001000210011100011
110001110012111100011000102000
000000120021000010110111101121
200112011020102221201110010020
110001110010020100001000010020
001100011002110001002010001102
002020200221110112111020010200
110201111012010100101001000020
200001100011000111001010010100
100201000211100110001100211220
011100101011010000100002020000
002010200102001000110021100011
000001022010001100111001011110
000020110001110012100001100001
011002212000112000120021000011
100001000010000100001000111111
110001100011112001120000000000
000000000100001000010000111111
100001002211000110201100011220
000001111112001102010020000002
000001120011000111001002010000
000000100001011211100112001100
000201100011002111001010200000
111101211012000120001000010020
001101111010011102001020020000
011110100101020010200100211002
112101111010000100020000000000
100001000010111111201102200002
002020000010020120011001111110
102201201010010111101100011002
110001111110011120021200010000
000110001002010020100001011110
200001000010000120001111011110
111101021110001100001000010000
110001102211000110201100011000
011110101121000012000100020000
100001000010200100201001111111
000200220000000110001111011110
101001010012100101001110001102
002001120001000010000101001110
011112111001000010000000200200
100201000010012100101111000110
020111101011110102001000000000
111021110211120111000200000020
110001120211100101021010010000
110121101011110102002020200000
011100121011010110001120200000
011120121101000010220100000000
100201002010100121021110200000
020001000011100111001100011020
110201110010100101001002010000
100001000012000100001010011120
100111101101111000012000100020
000000002200220000011111111011
111101101000010002100021000011
000111021011110112001100011002
100001020010000102001102001110
011002110121111110111222202000
011001110010002100021200010000
000000000000001120011111100110
000111111011000110001102011000
111001010012100001120001102022
000000002210000100001111011112
011120101001010000100021002211
000000000000001110010111101120
001100011101121010210000100201
000201002010000100001112011110
000010001100110001002112011000
011101100012002100001200010000
002110001111011111110200120001
000001111011111100201000000002
202000200011010111100211200000
111100111020010220100020000200
110001101011010110100111000002
022002120001001010210111100011
101101110001100011000200002002
200000211200110011001100011000
020010000100001100011002111111
011221111210010100100001120011
000000000001110211101111200110
111001010010002102201200010200
002201000010020100001100101111
111201010110111000202000000000
110001110010100101000010100111
100021200010000100111221111111
011101101112020100201020010000
000020022000011011111111010110
000001120011000111201011100011
120201100001200210000111101111
001101211011111000020002000002
000200002000110001101011211100
002000001100210000100111021100
100021012010100101001110002000
000200022002110111100111101100
111001010010111100111000000020
002101101011110101100200020000
202201000011000010200101001110
000202011011111112001100000000
000002000210112101001110021120
200021010210120101001110002020
011001111110111100202000000000
211000111200011000010202100001
201120011100100111001100000000
000021010211100011020110000202
000001100011022110001100111111
011021110010100120021000002002
120001000010011121101010011100
100021000010020100001110201100
011102111201110000000200000000
000000000011111111010020100000
001100111000010200112001100000
000000000001102111001100011000
002021100011022110101101011110
020001000010002102111001111110
110001120011120101001020010000
000010002102221200112001001110
120201011010112101101110000022
011110122111001100001000010000
000202100011000110201100011000
100001000010000100001111111111
111201010010112100100020000020
111101001120001002010200102001
111101111010210120101201002010
111201210010102100201200000000
100111111021100222002020000200
000000200001110110101100011002
000001020010110101001012011100
111111011100000000000000000000
100001000212002111121121200202
100001200210002102001211011100
001100011000111001000012000200
020021102011002111001000010000
011100101101001010010100120000
000220000111111100201200010020
000001011011110112112000100001
120001020010022102021200011111
111101101011200110001100000200
111001010010102101000020200000
002102001021110001102011000000
000000011120100101001110201100
110000111121101011000200020000
000001102011000111101000010000
000100121001210011100110000200
201101010010100111000000000002
111201010010110100000000202000
200000020100111221100011002110
000000200000001100011110111111
000001022010000110012101101110
011000111001010212100001220200
001112112101000212002100011000
111101110011100100001002000000
000000000010110111101102222000
111021210010100101001000010020
000100001000010121101110011000
111001011000110201100020000020
200000000010000111101100011002
000001100011220110001100010000
221111110011102102021000010202
000000020011102111001100011000
200000001210010100101111020000
111101111012000102001000010002
100001002010020111110110100000
000211020110011100101021011110
011110100101001110020200020000
010000102011000110001100011000
000000021111011011100211000110
110001110210220100001200010000
100111001110011111101100000000
000000000001100111101001012000
011000111101021010000100000000
111001010010100101001011000110
000000020001120011001111120001
111101001010000100021000010000
000021111110011100111000212000
111121000012200100001020010000
111201211110020100000000000000
021110010020100011001100011000
100001100011002112001120011000
111021011110002102001020220000
110021120011010010100101001110
111001011210012100101000210000
211111101112000020000000000000
110001110010100101001011200020
011002011002210000100001000011
110001110010122102001000000000
110001100011010111100000000000
111110000100001000010020100201
111000011000011200010000100001
100001020010020100001101001110
111101001010000100001000000000
111101201010012100121201102001
000200100001000211100011000110
201100111101001110000020002000
122021202210000110001100011000
200000020110011111101120011000
200100001000010000101111211002
111111111011110110000020000200
020200000000000100201211111111
100001000011100111111111000000
002001022110021110010101101110
111001010010100001000011100110
110001100011200111100021000011
221100011100111001200110001120
110001102011000110001200022000
011001110110111100001002010002
022200020010000100111111100110
010000120001021011110001100200
120001000012000100101011011100
011110111101000010001100000000
102001000212110111110110101100
002000002001111010001120011000
100001000010000100001011011102
000000000010002111101121011010
211110111100201000000000000000
211200110000100001100001120001
111001110011000110022002000000
000000102101001010012120121111
000001102011000111011011110011
001111111110011100001000000000
100001000010000100101101201110
011112011120001022010000000002
002000002202001011010211100011
001112010120100001020110211020
220000000010100101021110011000
111111011010000120001002000022
111021012210100001200010200111
111111120011000000002000000000
110001100011000112001000012202
100001000010000110001100011000
011100101011011110001122011000
020020022100111111200110220022
111001010012002102201000010000
000001100011120121101001002010
000002110001100111111101111000
110001111110001002200000000000
001111011111100000000000000200
111110001100011000000000200000
110001100011001110110111000000
111110111120020000020200200000
000000000000000100201001111111
110001100011120101001011200110
002100001000110101201112000000
020001100011000110001100001200
011100111011000110201102000200
200021020010000100011110100111
102021200210000111101100002000
001101010210120111001100211020
200001000012000100001111111111
110101111010000120000000000000
111001010010120101000010002100
111111001110000002000000000002
200021020010100101021110011020
001100011100111021201112011220
001110010100101111001100011000
000000000020000100111111000110
100001000110201100111111011000
111101110011100011000000000000
111201111102001002010000000000
000001110011100111001110000000
001001112011102100201020002000
110020102201200011100111100220
000111121011110100001020000000
000000201200212000101101001110
001100011000110011100111000000
100001001110010101101010011100
011000111201011110001120211000
111001211010112102201200010000
000001021010010100101101001110
001120011010110111101102020000
110000111021110000102001100011
001100012220100011000100011000
100001002010000100001101201110
002001020010001100011111100110
111201010010100101001000000000
011111101110000100001000000000
001101111110000100001000010020
111101001010000120001000002000
100021020010000100001112011100
211000110011111110012000000000
100201000010010111101102002000
100201000010000111101101011011
000010000100201000010111111002
200000200001100011110120111001
110201111110001100001000000000
110001102011000210100111000000
110001111210110200002002200000
110001111110001100011000110000
000001100001110011102111000000
111001112011100111001020012000
000001002110211100101111011200
110000101121111000002000000000
100201020010001101111110001100
000002200001101001010010100111
110001100201110200110000002202
110111111112110101100000000000
011101111200110000000000000000
100001002011000110001120011020
200000000010111101011110111020
200001002010010111101102011020
000112001012010111102000000020
110001100011000111022010200111
001101111010012102101001010012
111101110211100100000200002220
001100010010100111001120002022
000021000010220100001112011102
110000120001110000100001000211
111101000210000100001202010200
000002200020210100121111000110
000000001200010000101101001110
110001110010110121100000000002
020100011000100001001110011000
000001000010000100201000011111
111001012010100101001010010000