011001111010110000002000020000
020100011010102101001010011100
220021100011002111101011010200
110201121101111000010000002020
111001010010120101001010000120
000000112001110010100102011000
102001000010000100111111000000
111121021210011000010000020020
211001110012110101101020010000
111001211210010100101001000000
100001000010000100201111020110
200211111111100011000002000002
000001000010002100001111001100
000000001110111101021110001100
102001001012010101101110011000
102001020010000100001010011100
111101111001111000000000000000
020000011102111011110002020002
002100001010010100101111001120
111101011210000100001000020000
020001011010100101001110011000
001111110112001100001000210220
000001000010000100221111011010
000200020011100001100011000110
000000000012020110000101101111
000001110010100101001010000000
212200100011002110001120011000
000010002100011010102111001100
111101001110002100001000002022
000010001110110101001110001120
011100101121001000010000100000
002102001200110111001000010000
110200111101101011010000200002
000020000000110211101100011000
110001111210011100000000000200
001100111001110000100001200000
111101011010110001102011200000
011201111010002100001000010002
000112001001010011100011000110
001102011202110201100011100100
011200111101001110000000002000
200002000002010100101001011110
022000020111111111001110200000
111001011010110001100020020200
022101111011020112001102011002
121101011110102111001100200200
100001011111100011000000000202
000000110011102101100011000000
000110001100012000100111201100
000002000020012001101110011100
002120201200010000112001100011
111201011110001100001000210000
001122011011100100001000000000
200110021100011001112110201100
100001000011010010100111000110
000002000200010111101102011000
111111011110001100001000012020
200112001100011111100110000002
100001000010000120001001111110
211110102100021000010000100001
011100101001210010100000000200
100111101101012011100002000000
200001100011200011100110000000
001111012111100000000020002002
020120021011010111100011000000
111101011010112021102200002000
000001000010000100001111022112
000000020010100111201100211202
000002022011011112101111011100
100201201112111111001100000000
200001021010110101001110011000
000000000100011101101110011000
102211020110111111200020002002
000000001000010011102211000110
000000000000000001100111011011
002020000001100011021111011110
000110011000100001000010001100
111001010000110201100000000000
111001011010010100021000000000
002002000201120001010011102211
002001100011120101000011102001
120001020010000102021221111110
100001000010000100001120101111
001100211000110211100001000000
001121111010020102001000200200
000112011101101211010112000200
111111011110200100200020000000
000200011111101111000000000020
110101111010002100001000000002
110201110010111100001000012020
202002000001111011100211000200
111111001110200000000000000200
002020001000010011100111000110
020020000210002100001111011110
000022001011010011100011000020
111001010010120100021000010002
011111111111111000010000000000
011000111011110000000020000000
211110100100021000012000100020
100001002010202111001111011010
000110111001000110001100211002
002001000012000101001110011002
000001100001000010200111001110
000021110010100101111000110000
111201011010010100101201000011
100001020010002100001111020011
200110001010110101001110211020
110201111000011002010000002000
000000000011010110101111000000
110001100011001210012111102110
102001011111100110001100000000
022001000010002111001110011100
000021000010000100011111100000
011200111011000110001100011000
020111111011120100002000000000
000000001200110101001210011120
100001002010000100201011011100
110001100011200110001000002200
000100001000010001100010011100
000001100011100101001010002000
011110011100110000020000000000
000000000010210101101112011000
000002000000000100001110111111
000110001002010001100012001100
000000000000010011101111010022
100001000012110111201100000022
011000111021010010100001000002
011112100101000110000000000000
002000011021111010010000100000
110201102011122101101000000000
111201012010100101101221020011
001002011000010000100001102011
111101111010010100101020000002
111001010010110100101001210210
001122211000110101101110200000
000000000210011101101110001120
021100010000120111001100011000
200000200011111111201000012020
110021120011102101101001010000
000020021120111001010010101101
000000000001120211000111100001
000111111211100011000000200002
001120011001112110102201200011
000000000000011102111001011110
001000010000102101001110011200
111001010210120101121011010000
000000200011000110001100001111
110001110110101101110011000000
010000111100011000110002000000
102001000010111101021110020000
110001110012110100121000000000
000220000000000000110111101101
000001000010020111021100011002
110001120011000111100111000010
000001000210020110000111101122
102001200010002110100111000112
000001000010012111101120020000
000021010010102101201110000002
000000000211100110201120011020
011100121001010110100201002020
000000020002000011112111101111
000100001011110102001020210000
011000111101000110001000000220
022001202010000111201110211000
111101000212000100001200010002
200000002200000111121111011110
100001020010220100001112201100
000002011001112110100001000000
100201020010011120111001011110
000000000010000102001111111001
011100101101001010001100011000
011000110221100011002111200011
000000000011202110111111100111
111100111000211200010000000202
001102111020010000100001100000
000000000011000110011111110011
000001000010020121001110011000
000110111122021000010022102001
002000200200020110011122101111
110001111110201000010022100020
000000220010010100101111011110
201110110101000010001100010000
220201100011100101021010100111
110001102011000011000010002002
122001000010200100201122001110
021100111101101011000000000000
111001010002100201000011120110
112010111100112000000200200200
021101011111100110001100020000
000000011211111102111221100000
210000102001000110001100211200
111201011112001100000200000200
000112221112011111100000000020
220000011020111101111210011120
000110001120110111000020200202
001001010010102101001110001100
000001100011100101021020010200
110001111111100120001002000202
200000200021100011102121101011
111101001010000100001002010000
220000001100011000110001100011
000022000211020111201112011100
000001000010000111001110002100
000002000000000101101011011100
011001112210111100112000000002
000000000000021000011111100011
111111020110001120001000000000
000001201112011120101111002002
110001100011100111002000000000
100001000010100111001100011020
001101111010010100100200000000
000110021000010111120110000200
111021010210110100101001020011
000001100011200112100111000110
000000011002110011100121102000
100001000010000102001111111001
001100111011000110001120000000
011200111111111110012000100000
002010000100001011110111200000
000002000100211000110001102011
002002200010020101101011011111
000000010000100001001110011102
000110211100101001000010000100
202000100011000110001120011000
000000001011010111101011020000
000001000010220100101111011020
222000020010000120001111011010
000001200010000111001100011000
000001000010000120001110011100
111101021010002100001000000000
200000001100110111001200010000
110111111110000000200000000000
111001010012100201200011020110
011110111101001012012000100002
001100011100121001210010100000
100011211110100111001120000000
000221100011000111001010000000
110021100011020110001000010002
111001110000110000100002002020
020111011210100111201100011020
020000000210000111121101011000
110001110010110000102000200000
111111110010000100021000000000
102001000012000100001111011011
022201002210200100101111001102
000201100011000111020010000100
110021110010121101111002210000
001110211100111011000100001000
002010000101121221010010100111
000200112000100001210011100110
102001020010001100111111011110
011201112012120101201210022120
100001000011100111001111011010
000002001210010110120111200110
200000000000110001101111001110
100001201210112121001010211100
000000220000200101111011111102
000000110201102011002110001100
000010000111001110012111100110
111121120011002110000002200000
000202200000000211021111120011
111101111010010100110000002000
110201100011200110000100020000
110001111011110100001000012020
011111111010200100001000020020
111022011120111000020000002002
000000000011100111121100002000
110101111010002100001220010000
000110011111102110001102211020
200000000002000111001111011011
112111111112000020202000000000
000001102011100101101000010000
111111200010000122021002010002
001110111101200212000000000002
001100011020110001100001000002
111001011010010100111200000200
000002000000110101201110001100
000001002010020100101111021100
011022111011000120001200010000
000000000000111111011100200000
100001000012000102001010011102
110001102001110001100011000110
000000002220111001011110011000
100021011011110110101100000200
000200002201100111001100011000
220000000010020100001111011011
112001111010110000000000000020
110001100011000110000111101100
121001110011000110202000000020
000001000010000100021200011111
111121001010000100001000010000
120001200010000101001010011100
000000200000011021101010011120
111101111012010100001000010000
111001211012011100011000000000
100001002010200120001010011100
011110100121000110201000002200
020000200010020120001101101110
000102001001110010001120011200
011000110000111001110011000000
120001000010000111020112001100
002201002010011102111001011110
020201000010111101011010111100
000000110011100111001100200000
011001112220100001100001022011
110001120011000011000011000011
111001010010110100001002010000
000001110010110100111000000202
110001100011002110221000012002
000001000210220100101111011110
220111111010222100001000200022
100021110011100112002000000000
100021022010000100101001011112
200001110010110100101021200000
000220000020000111101111011110
100001000210110111001100000000
001122011012100101001210011100
011002110001110112101001010011
000000000210000100101111001102
110001111110001120221000000000
102201000010000101001010011100
001100011002110001100001000011
021120011000100011001100011000
011120101101001010011100100201
001101111010011000210200100001
120001011111100110001120011000
000001100001111011010000100021
211000110001110201100000000000
000102001002010200102111200110
011000010200100201000011100001
000000000000110201111011111100
111001110011110110001102202020
000001001111110011020020000202
111101011010000100001002002000
002110201120110011201100011002
000000002201010010100111000110
000200000001100011001110011000
001100111000211000010000100200
122021000010200100001011211100
000000200210200122201011011110
000000000110001111011111100000
000000020011110100120201000011
102001021110110101001110001120
110002110001102011000110000000
102021002010000100001101001112
011110111101000000000000022000
110001111211110100111000010020
201001010010100121021110011002
200001000010220101001110201102
011100001120001200010000100001
000001100021010212102101021110
000100111011220110001100200000
002002000220200111101101011010
120001000010200122001112011100
110001111010200100001200000000
111101111210010102101001010000
111101001012010120101020000000
011020111100111001100000000000
000220011021110110101101011010
111101110012000100001200010000
000021100011000110001110000110
112021110112111100221000010000
000201000011100111021110000100
011110101101000112021000012000
111001011110001000010200000200
000000110000111001110200102002
000001100011110002110220100020
002000002200000011011111110200
000002021011010010100101001110
100001002011000010000111001111
000000000000000100021011111111
111111220110201100010200000000
111001011010112100000002020020
000020000010020111120111001110
021112010220100111001100011020
011000100001000010001100011200
002101111010020100001020210000
000000000000001011111111002112
000000000011102101021211002010
000201020012200100001011211111
011020100011000112001100211002
112101111011100011020000000000
011110120101001000010000020000
100001000010200110200111102110
001110112100021000012000100200
022002001010012100121111011000
000000200001210210100111001100
001100111001011010010200100000
000012200120111111111110010200
200100111001110001120000000020
200002200100001111011111111002
020010000111001110011111120000
000001000010000112000111000011
111001011112000100001200210000
100001002010000100111111000000
000200002020011001101110011000
110001100001102001110011022000
100001200011110110001100000000
110001101011110101121000012020
111101001210010100100001000010
111001010010120101000000000000
001002010021100110021100011000
002000110011110120101000020020
010000100221102001010011100112
000012200102001020110101001112
100201000012020110001100011000
110001101111110101101000010000
200000000200110001101111100000
000001101101011211110110000000
111100111201110002200000000000
000201110010122101111000100201
020110011100100001000110000000
100021200210020101001112011000
110001100011000100001200010000
001111110110001102000002022000
002100001000012111101002010000
102001011112100101001110000000
111100111002012000100001002022
100001000010002111001112011100
110001100011100011000112000000
000001110010100101000011000200
100021000010011111111102100001
110001122211000111001010020100
000210011101111011000202202000
111001110010000100001000000000
112021110011100100001002010000
000221200010002100001111011110
110221111010210100101001220000
001100012000100001000112221120
102001220010200100011001111110
000020000022000201101011011110
100001000010000110110111000000
000022000000111020110021120011
100001000011201010112101001110
011110100121021010000020220000
200001110011000110001120000002
111100001100211000110002200000
001110210001100110001000010000
111111110110001100000200020000
002000000011000110001112011120
011000100001000110021100011000
100001000010202122001111001100
001110010000100011000110200000
011122100011002110001100011200
011101111012202102001200010200
000020000001100111201111211011
021100011000110211102101001012
000001100011110100101000010000
110111111010000100001000000000
220001200011120111002010000100
000000000000101001010010120111
000000111111201102001002012000
100001220010011111110000100000
111101001010012100110002000002
111001010222100201020011100211
111021011010010200100001200000
101101010010100111200000000000
200000022020201211111100011000
002001200012011100101111000000
100201011110100111000002000000
011000110011000100001000010002
111101111210012100201000010000
111101001010010100111200000000
000001202010000110000101101111
000020110201100110001120011000
000110211000100001200010001100
102001200012100101001010011100
000200000000020011100101101011
111201010010110100202002000000
022002020020002011011110111111
011002110201000010001100011200
102021111100211220110000002000
111221010010110100121000010000
110001111010010100201000010200
022000200011120101101011010000
000000111001211110111100011000
011000010000100001000010122111
101121211010100111001100000020
100001000012200111001112011110
000101101211110102002000000000
211110111000110000000000000200
000110001111212211102011000110
110021110010100101111002100001
002000000001100011020112111111
002000200200000111001111011110
112001100011200111001010002000
110101121011110100001000000000
120001111111211112000020020020
000001002010000100101021011110
110001100011102101121201210000
102001002010000110000121201112
020000202200010000101101011110
000100001200010011100110001102
100001200010000100011100101111
100011000112001100011100101111
020001000011100111101101000011
011101101010010100021000000200
000111101111010111101000020000
211000112001100011000100000000
002000000201120011000110011100
112001110010112100201000010000
100001000010110111101100000000
000020000211110110101121011010
110001111010010102111000000200
001100111001000010001100010002
111201210102111020002020000000
111101111112011100021022000200
100001000010000100001110011000
001111011110100111000110000002
000000020022112101121011111111
000020011011111011200020020200
000000000010011122111001211110
000100001001112010001100011200
110011111102011000000020000000
000221111110001100001020012200
001001010211100110001100000020
000000022012001111011111111000
001110110001020012021100010000
000001102011110101121200010020
100001000210000100011111100110
120021000010000100201111011112
000000011000110001100211000211
111121001110021120000200000000
100021200010202101001010011100
020220000020111111211000012020
200001111111200110201100000200
002000000211112100111000110001
000112001200010001100110001100
002001100011101101111000200000
111021110012200100001000000000
111001110010000100201000002000
011110111100011200200200000000
111101111010010100001000000200
001120011022110021100012020002
110201100211110111000000000000
120111111100021000010000220200
000001110010102101021011000000
002200200010000100011221111110
000111111010020100021000012000
011101101011000110001100000000
000111111111112200000020020002
110001112010100100001002000020
000001110010100121111011100112
110001100011111100011000010000
010001100011002110001102000002
000101011210100101001110000000
111101001020010000100001000011
011101101010011100010020002000
000021000010012111121111220110
000001000010220101101110001100
220001000010000101111011111102
002200011020111221011112100000
111101001010210100101200000000
000001120011000111100111101100
011012111111011102201000020002
000001001211010010100111001100
102001111011010110001100000200
020102001001110112001020010000
000001000010000111001100011000
111001011120001000010000002000
202000020020111211001102011002
202010000100001202011110111111
020001100011102101021010212120
001101111020210000120001120200
110000100001200010210120121111
100001000012000120001120001110
000111111110021000010000100002
100001000010000101111111100020
000200111001010110101021020010
002000000110011110100111001120
111001011110000100000000002002
111001011010011120011000100001
000000020000000100011200111111
000001000010000100001011011111
111101011010110100001002010000
000221000010000122001110011111
111021011010010100001000000000
011011111110220100021222000020
102201020010020100201110011100
000000000220000001111010111101
110021100011020100001020010000
000200000000020101101211011102
012000101101111000010000100200
110001100011100101201011010011
000020202020000100011120121111
011111111102002000000000000020
000111111010110200000000000000
020110011101102110221000210002
100001000010000111000011000010
001112110001200110001000000020
000001000011100111001110011000
110001120011200110001200012000
000001120011000110001110012100
000110011102100021200110001100
020021100111111111201000000000
002002000001110011101111011020
000000000012000100001111011110
100001002210000111001110011000
011000110001100210001100010000
111001110011100020000000000000
000000000210010111101100011002
020000020000011100101111011110
000000220002000011101101011010
000200000220001100111001011110
100111001110012111101100002000
211021110010102121001011000000
110021112010111100001000000020
020020000011110101101011010112
021101011010100101221110011000
002001000211110111100011002110
111100001000012000100001000010
102201000212000111100111001100
200000200201100011001110010110
110001101011110111001000010000
000110001011110111001202000000
100001012010100111001100011000
000000000011120001000010100111
000010020100011000100101001110
000220000011111111001000000002
002000110011111100111200000200
022022000011000110001111020010
011111102010000100021000212000
002002000100001000110101021110
000001000010220111101111011002
000001000012020112000111000112
001100012001102110201000010000
001201210011102110201100011000
011001111110001102011000110001
110001110010112101102202000002
111101110010000100001000010020
111111200110020100001000000000
100001000010020100001011111120
002001102011002111100112200002
000001001010012100101101001110
001100011000111001000010000100
020001020210010100121001011110
011001110012110101100000202200
000000000201110010101101211000
111001111011000110221100000000
100001200010000111001110211200
100001020012000111101101100001
011100121001010110100001000211
001111010012100101001110011000
011001110210110120002020200000
000010011111120112000022000200
000011001111012011102000000222
102001000010211111100011200110
001120011101100011000000000020
002100001201110010001100011200
021111110110001100002000002002
000200200011110100101001010211
100001000012000100001011011112
110001111010110101101200010000
112001111110000100001202010000
110001120011200110001110001120
000001000010100111201102011000
000120001012112101001110000000
010001100011200110001100211000
020000001111112100021020210000
100001000010200100001100201111
000010002110001101111111101120
002221000010002121001210011120
002000000100201000010011100111
200000000010020101101010011100
021001110011100011002000000000
111121201010010120201000010002
000000002011111111110011000000
100001000210000100001101101111
000001011010110121001110011000
200101001011010211100211020000
110001110010102001100020002000
011200111001010010001100011002
211201112210102100001020000000
001112110101020010001102011020
101121111011000112000020000000
111111011110001100011000010000
111101111010011100011000010000
112021100011100101000010020000
111111000110000120000000000002
110001100211102101220011000020
100001020012000110001120011000
211000110000120021200010100111
002000000011020111101111011100
001200010010100111001102011002
111101211010000100000000000000
111111000110020100201000000000
200001110010100101100021200022
000000200210200100011110111111
120001000010002100001111100001
002000000010002111001111200010
002020110020100001010011100011
110001110010100101101021002220
000021100011111211010200000200
111001010210102001110021100002
110221110011100111001000000022
000001002011100001010011100110
011201100211000110201100000000
000100201011010111101002000002
000010011100120011000110200000
011001112010120121001000000000
020202000000020011110111120011
000000011100111000010000100001
100021221010010111100110000000
011002110201100001002011120110
111111011010000020000002000002
000010000100101001112011020110
000001000012100101001012011120
110021111210010100101001002002
000020022000011001112011002110
100001000011111110001100011000
001120011000110001101111020022
000000220200110101001210011100
021100011000110011100101011210
020000000011110100111000012200
100101201010010102101211011100
001000210000100001001010011100
000000000211110101101200010002
111111020110001100211200100000
001100111001110022100020000000
110001102011000100201000010002
100001112011111110200000000002
200020000010002101111110101100
000000020011110121101000010000
200001000010022111001110011002
110001110010100101201012000100
000111111012000100001202010000
010110111101120011200000002000
002001000012000120001000011111
000001000210020100101111020110
000001000010000110010111100000
011200111001010010100101100000
002001110211100111001110011000
011112100121000010000100001000
110021100011000110001102010022
011100101101011010110101102020
111111111000000000000000020000
000000000000022100111111000110
111101001112001102002002000000
200200200201100111111000100001
000000001111111100011000110201
001110111101000112001100000000
200200000000011100101111011110
111111111110200100000002020022
111101001110000100001000010020
002001000012000100001110111111
111101200210002102001000010022
112001110010102101000200000002
002000100001000010200100121111
000010011101100012000120011020
110021100011200111111200120000
110021100011000111001210000100
000000001100011000110011001100
001100011102001200210002100001
000022011200110011001100011200
000001111012210100120021000010
011110211000110001100011000000
110001100011100102001000210000
111101111010002000202000020002
020022110001111110001000000000
000001100011000110001110000000
001110010210120111000112002000
102021011010100101001010011100
000020000020002000110111100111
020201100011100121121000010000
001121110011100111001000010002
000000111021010010110101100011
200021000010020120001110011100
000200000000001010010111101111
112201100011002110001000020020
000001000010000111001110000111
011100101000011000010000100200
000000000100011011101120011000
101101010010100111001100011000
110001110010100101001220210000
111001010210101101112000020020
100001002010000100001110011102
020000000010000100021001111110
020000022001000011010011120011
000000001011110111001020000200
002000000010000101121110011000
110201110010110102101021010011
011001112011100110000000020022
100001010010100111001100000000
011101100010020100001000010020
111101001202011000010200000200
000002001100010100121111011110
111201010010100101021000010200
000000010102101021010011120011
000001120001000011002010102111
200002002011011111101011010020
011102111001111000200000000000
011101100011000110001120002220
000000000201100011022111000211
200201100011000111201011010000
100001011110101101001110002000
000200000000001000011112120111
020000211120111001110001100000
000100001002012202101121001110
110001102011110111001110000022
112001110010111001110000102000
000020000011100111200011100000
211101101010010100021000200020
000000000000000110221102011111
001110012101120010002100000000
000000000002000011110111111001
000001100011000010000111002211
110001120011000111101001010000
000021200010011100111111000002
110001111110110002020000000220
111101001110021000010000100000
100011000110001111111100000000
000001000010200101101112011000
000002000011110101100011000110
020000002111111111000000020000
000001000012111111011120100201
000001111011110100001002010000
111101001000010020110001102000
000000002011100110001100011000
020000000002000110110101201110
111111000112001100001000010000
011010110101111000110200000000
000020200011100111000010120111
100001000010000110110111000022
000000000210000110000101121111
011001111210210100101000000000
001120211102111000110000000000
000000000000000110101111011102
000021000010000100011101101110
000111111011100000020000200000
111101111010010002110020020002
120001000012000100001111011000
011111101111000110000000000200
111121001210010000110002000000
002000002120101001010011100011
211220110201122001202010100111
000000000210000110000111101100
220000000002110111101001210020
000001110012100101001011200002
112001100011000111100001000010
211000110011100100001020010000
000201110010110100102001000211
100201000212200122001001011110
200102011001100210001100011022
002001111010011100211000100001
200001100101011011100011000110
001111110111100100001020000000
001100110021000110001200010020
220020002011000111101221110211
100001000010220102111101001110
000020202001122111101111011000
111111011100001000000000202020
102021000010000121101112011000
111011011110000120201002200000
000002020000110001101111120002
020200200000011110110111100110
112001100011000111001000022000
000010000100001010010101101110
111102001220010220100001002010
001110210100101001000010000100
000000000100001102111011011100
111111011210002100001000002000
100001000210200101001010211100
120001000010211111100000000000
111200011102201202010000100001
000202000000110021100111101100
200210011110102101001110001100
110001110010120101020010000120
202000002000021120111011211100
000111111012112100001020010000
110000100001000011010210100111
002021000010000100101021211110
202001000010220111001110011100
000001000010020100101111001100
220002011010110101021112011000
111100111000210020110000000000
000110011101120110002000000000
111111000110001100011200102001
011100101001010010102000000000
112001100011000110001100020000
001112010100100011002112000022
001110112102201000010200102001
201110010121100010001100011000
110001100011000111000000000000
020000000000010100101001011110
011111100110000100001000000000
111101201010010100121001000011
010110111102001020010000000000
100001002011100111100000000020
111001011010010100001200010000
000000020100001002111111211112
111101111000011000010000000000
002021020010012110100111000000
011001111010011100210022102001
011001111211010110100021200020
110021102211100111000000202000
000202002020021011010111111112
220001002010000102101021011110
100201000012000120021110011000
110021100011000010000100001100
011122101001002210001100011000
000000000002021100111001011110
110001100011100111000112001100
110201102011110111101110000000
100001021210110101001010011100
111121111010220100001220012000
000000001100011001112010011100
000011111112110001120000000000
112201100011020012002110000100
011001110011000110000000000200
101101011010102111000112000000
002001100011000111100011000000
100201200010000120021020011110
000201111011200110001100011000
100001220010110111001100200000
000000000000000100011002111111
011100111101102000020000200000
100001202010110101001110200000
100001002210100101021010211100
110001111010010100001000010200
110201120011000010000111000002
111001010010100001100001000011
000111001111111000010000000020
001101111012000120221000202000
000000000000200011001111210110
000000011100102201001010011100
111121021010211100001000000200
000000200001100011101102011002
000110011120111001100002000000
000000022211200110001100011100
100001220010010100121011211120
001100111101101000010002100001
020000002111111111111021110200
001101111111021022010020102002
020201011011110110111100011000
011000112011000110021100002002
111002012022111000010200102000
111101001010200100001002010000
000001110011100100001000010222
011201110010100101000010000002
111111110111102100200200000020
111001011010112100001000210000
011100101001010200102001200000
111101011200110000022020000200
011000112211000100001220010020
121001110011000110000000200020
000000200202112211100110021100
000000000001100111001110211100
202221111110112100000000020000
000001122011102101001000012022
101111010111122000000000000020
002101111010000100001000010200
011101101112000120021000000000
002201000010211102101001011110
110222110020100001000011020110
110000100001102001110011200000
002020000001000011112111100000
111111110110000100020000000000
200010000100001211010011100110
000111011010100111001100011000
020000000000001101111111111211
002200111221011010012100000000
020011100111001110111111002000
011111100110001100001000000000
100001001010010100101001211110
011000111201211000010000100001
100001001011110111102000000000
200001100111111011000110021100
022000002200110111110110000000
000000200000000100001111111110
000001110010100101101202010002
020020000000000120021011011111
111001011010110100000000000000
110001101111110000000000200000
111101001000011000110000020000
211121101110000100001200212002
002020020011011110111101011110
020002000010000102201000111111
000110111011020110201100000000
110001111210000100221000020000
102201000010002110000101001110
000000011002110011110110121101
001100010001100110001100011200
000000001100011001100110011020
020000011021120010001120211000
200221121111011111101000012000
000100001000110121201010011100
000001100011111102201000000000
011000110001120110001100020220
111111110012000100001000000020
111111011110000102200200002020
110211100101111000022000200220
000000011000110001100111011000
000020010010100101001210011100
002200001100210101101110011000
010020100001000011000011102111
000101121011112100001000010000
000012220101111110001102011200
000000020210010100101111011002
111001100011000110001100200002
211110100101001010000200002202