202020001111111101111200102000
111101111010010100111000010000
002221011111100011020110001100
000000220010020101101111011011
200100011000112001102211020200
122001000011110110121101011020
002001000010000111001112000100
002000220010000120111101121111
111111000010000100001020200000
020100111011000100201020210000
000001010010100111000112201100
001101010011100011000200020000
000001022010000101121111011200
110001120011000012000110000120
110201110010100101111000000220
111201010010100121100001000000
110000112000101201110021100000
110001100011011111101110200020
022111201111010010100101001110
002001102011002010000101101111
000110011000100001000010011102
120111021110012111100011002000
000200200010002101111110121102
110201101111110001100002000000
002000111001011012110101120020
020021000210002110010100101111
011002010000100001000010000111
100021000010202101001110011000
000002000001000010010111101100
020002111121001212011100200000
100001021011210011100110001102
001111110010000122001000000000
100111011010102111001102011200
100221001111111110202020200000
220021000011022110001100011000
011000110001100111101201102000
001101112211100120002000020000
221101111200011000010000000002
100001000210000100201101101110
111001110011120111001100000000
000020000001120201000011120111
011101121010011100001000000002
110221110010110100001002010000
000201101111111100201002010000
111001010210120001200010000000
000001100011000110000111201111
002000020020011000110001111111
020000000100001200010111101011
200001000011100111101100000000
100021000010000100021211011100
100221002010111101011110211020
000021120011000110001110010020
000001100211002112021100011111
201100011020111021000112001120
110001100211100101001210010102
021111110010002100001000010000
100201220010000100001112000111
100001200010000110001102011000
000000020011000111000011002011
000110111101221210010100011000
102001000010000111101121011000
111001011010010000100021000010
020021102211100001000011100201
110201100011000110001111000010
020001000212002100001001111110
011101101011010110000002000000
000220000011200111101001010000
111001110011111110000220000000
011100001000011000010000100001
110021111010010100101000002002
122001002210000101101110021100
120001002010000100001111111111
002201101111111102021000000002
110201111211111100001000000002
111101101011000110001100011202
020000200010020100001111011110
000000011011111011110110001100
002000200011000111111000120001
001100011022111000110200200020
202112211100101111200000000000
020001200210011121101110011200
002110201000112001000110001100
111101111010010100200000000200
100001002010000101101011011110
110010120101111011020000022000
011002111011002110001100000000
211101101010011100111001100000
011101121011010110112002100001
111021010010100101020020002000
101101010010120101001112011002
020100001200110101001112011000
111101001010000100001200010000
111111001110020100000000202020
110221102211111100010200120201
221121111000011002012000100000
111021012010100101110020120001
111021011012011100210000000000
000000110011100111001111200202
000020200010000102001011011110
002001010010102101001210011100
120021002210000111101101000010
211201110212120001100011020110
111021010010100100001002010020
201110110101001010000102000000
020000000000000011011111111011
000010001100210002101001011112
111201011010010120120001100011
002000000000011000111111011100
111001211112011220000000020000
120001000010020111200011100001
000101111010110120001000010002
202021000212010120101011011100
020200011000110001000010011120
111111011012200000020000220000
111111100011000112000020000002
111001011012000100001000220000
000000200000000200010111111110
000001100011001111110011000200
000002110001102111101001010000
000000000011110111101000012002
001101011111100110221100011002
001100111101001022010000000000
110001100211000110001100011000
000110001120011001100010220100
002001000011100110001100011000
000001220010010101101010011102
001100111001011000012000100002
022010000100111001001112010000
110001100211000010002100001000
000202000010000111111101111000
002201000010100111201100011002
002000002020202111111111011110
220201111111001202210000120000
111201010010100101000022000002
111001010012110100121001000202
110001100011110120100000000000
020110011111100211002110001120
001111110010200102001000000200
111101111011110122100021000000
002200011000111111010020200000
000010002110001111111100000020
011100101201010010001100000020
011001110211000110201100011000
111001210010100021102000002200
111001210210110000100022000000
001100011101101000010000200200
110001100011112102100001120001
111101121002211000010000100002
000202000001100011001110011000
000202020010120101001110011000
200020000010000102001110111111
100001022010000100101111200002
002000000010011101101110211000
000000021200010010120101001110
000000002000000001111211111120
011000110121101211110201100000
111111100011000020000000000000
021001110011100100001000002020
020001000010110101001210011100
000002220011100111100001020011
000001100011000111111000200000
002001000011111110010000100220
001021012011100110021120002002
110001120011000010000110200111
000001111210110100201000200220
202001020110011102101111000002
200001000010111111011100000000
110001100011110011102000000000
110001100011000010000100001110
112001110010100101101001010002
111001210010110101100011000000
112100101001010011100011200002
020000020011100101201210010100
000000000000000100111011011100
000210001111010110101111020200
110001110000100201120211000110
000001120001110211100111200010
111121201010010000110000002000
100221200010000111001111111011
000021120011020110111111110001
000010002100011011120122001000
000101101011110101101220000000
110001100011000110001110010000
011200110001100011200111001110
211111120111002112001100211000
220000000010000120111111011200
022000011220110001110110121121
100201000011200210112111000020
110201110012100100001000002020
111111111101100011200000000220
200001100011200110001110000100
100001000010000100001000011111
120021111011010002100001000220
222110011111100011000110001100
220000000012000111021111120011
211100100011000100001000210020
010000100021200010200111101102
111001011212010100001200010000
111111110110000100001000002222
110201101111110100001020000220
020101001010010111101100000000
000000000011002110001111112000
000011110111111110020002000220
000000000200000011000111121110
100201002010000101101012011102
002002000010200111111111011000
100201000010020100201010011120
000001000010000100001111001110
110021100011000211000210000100
020001000012000101001012211100
211001100211000112001100000000
000201000010010111101102011000
100201002010000120001001011112
200020011101101110211000110001
110001110010110000110002000020
100201000010000101101110000000
001111110010000100001200002020
111021010210111201110000000000
011102101021011110112022200000
011201100011000112001100011000
120001000110001100011101101112
001110010100101011001100020000
211101102210200100001220010000
000100011010100101201112011000
110001100001100201000010000100
000200211010110101101110011020
000002000002200001110011102111
011101111010110101100020000002
011101101010002100001220000020
111001010210100101001200010000
011001110010110100111020000022
111001010010110000100001000002
111101001110000120020002220000
002000000012000111101111011110
120101001010110121001010011100
111121111211120100000000000000
100001200210000120001100001110
020000020110211100101101021110
100001002012200110000102201112
100001011011111112111100000000
111021010010110000102201200200
110021111010011100111002020000
110001102011100111021000010000
111111110122020020200000000000
111001010010100101122200000002
002001000210002101111112011000
020001000110011121101110001100
100001000010002100001110211020
002121111010000100001200010000
000000000011000110101101011110
010000110200110220110021100222
200000000001111112021100011200
000001100011000112111111112001
001100211000110001102011200000
111011011110000000000202200000
000001202212000120021211011111
110001102011000111101202010002
111101001010010100000020002200
100001000012000101111110000000
110001100011100100001200012000
100101001011110110000000020000
211121101010011020002000000000
002201000010000111101101020200
202000002010020100001211111121
100021000010020102221012211102
111101201010011100201202000000
002000220000220011012111111011
000201111010110001100011000110
001100011010111101001110011000
000000000001111110001100011000
011100101000010000100001000011
110101111011100000020000000000
201101110011000110020000002002
020001000010000111101101020010
000001020010102111001100211000
201000010010100111201102000000
120021000011100111101111000022
000000110001110002100001100001
001102011010110101001110001122
110001111010010100101000000000
021101110011102100001000000000
011110100101001010010100201002
110010120101001010110101201110
000000200020002101111110011000
001110010100101001010010000100
001120011000110001120011001100
211200011100111000210020002002
100001020011100111221100002002
002000010100101001210011100000
000001112011020112021100011000
100021000010200101101111000010
011002011000010000102001200011
200001000010111111001100011000
100011100101011011100112001100
100001002010000102201000011110
110001100001000011200011000000
110001100211022110000100001000
020110111111021120011000100001
110001110210100101000011120011
111001010000110001100000000000
000110001111010111101011000000
100001000010020100201000011110
011112100111000100000200002000
210000100001102011000112001102
000201120011000110001100001000
000002000020000000001011111111
100001000010000112000111000210
000110001100211002110011001100
020202011111101100001020000002
110221100011220111201010012000
111001211010110102021000000200
000111111111120102201000010200
020001011010111111210200100002
110021100011000100021000010000
100021000210122111001100011200
001120011011100100001000202002
120001000010000111001110000100
111111002110001100001002210000
000020002000020000212111101111
100201220012010100101111211000
000110001100111011202100021000
000000000000112111101112011100
111111111011000000000000020000
010000100011000110001122011000
202012000110111101001112201100
110201111112211100001000000000
200002220100001000011110112111
001012011100011000110020000000
000011111112000100001002010000
000111101011110102001002002000
002220001111110121101002000200
011100121101001110000000002020
021110010100100201001110011100
002000000000000110011112110111
000001000011110110001100011002
002000111001010010121101020010
200020200202000121111010011100
001101011010110111020112021100
100201000010000111102110001100
011010111101011002020020020000
101101110211020110001100011020
110201111112112100001000012000
000000000001110012111100211000
000000011011110111001000000000
000200000010000100011111111002
110001100011020110001000000000
020000011000110011001100210022
110001120011000100001202010000
020200001000010002100111001110
000001100011000112001110012002
100001002012000100001112011120
000200000002002110101101001112
000002000010011111101100200020
000000000011002110201100011100
000111011112100111001120000000
011111100111000110000020000000
000010200102211100101111001100
001111110012002100001000012000
011100101211010100100001100201
021001010011120110001102220000
111121021110211100001000010200
200002020001110111101111011112
000112011100101111011110010000
111111110110000000220200020000
002000001101011011100110001100
011100101001010000100001020020
100001000010000110100111001100
112001111010010000100020000000
211111120120201000012020000002
200001111011110100101201100011
022000000000221111112110001102
201101110010000100001220210000
110001110010100101101001100001
001110011100111201100000020000
100001200011002011110211102000
201101111011110002102001000210
200011101111110100020000000002
111001010012101001010011122020
000212001110010111100000220000
000012012100101021010010100111
111121001010010102221020000000
120001000012000100101001011110
110021122011100121000000220000
111001010210100100001000000000
000002020101111011200110000200
100001200010001100111111011110
011111111111202110001100000000
000221000010002100121011011100
020220000010000100001001111111
200001022010000111001110011100
000001000210200101001110011000
000000000000000110001111101120
002101111011110110001102020000
101101111111000110200000200000
020000211120101001011110111001
000110001002110111001100000000
000001111110011100021000212000
202000001100011100111021111110
110021110010100101111200000022
002002020102001001110110001100
011021110012112100111000000000
201101111210010100101000012000
111101021112011120021000000002
100021000010000122021111002110
010112111120112000000000200000
211021110010102101001010220000
222022202200000211111100111001
211102101011200110001100002202
002001000010000100211011111100
002000000011100111001111011000
000000202120011020101201011110
000000110001102001000011020011
110001112010100001000010200102
100211001110010101101110211200
120101201010010100101211211100
000000020010110111100021000011
120101021010010100101011011120
000022000200201102011111111011
111101011000110000000000000002
100001000210200100201110211200
111021012010100201100001200002
111021011010210100001000010022
110001100011000011000011120110
000201100211102101102001222000
220001002010000120001111101100
000020002010100111001100011000
100001100011000112001100002000
000002111001010110111000120001
000001100011000110021100001200
000001120001002011110001100011
000001100011100121101011010002
211101101010010100001000000000
200000100001000011010011102011
001102211022110111110000002002
001110010010100101001112011000
000111111011100100002000022000
001100011011110100101001210010
112101101201010211100000000200
000012000102011000102011001100
000001122211110111021112000002
000020002010100121001010011100
111001010010120101000000200020
000020000100011011101111000000
000000000002111001011210011100
000110111011000110001100011200
020001102011200110001100212000
001120011001112000110000000000
110021102001200011100111001100
110011111110000100021000010200
110001111011100011020002000000
020201200110011100101111221100
110101111210000120000000200020
020111111111100100021000010002
202020200211102111121111000000
111101001010011100021000000000
002000201112111101001110011000
000000000010100111001100011000
200000000020000100111111111200
111002010000102001000011002010
020002000010002100201111111111
001100211001110000102001120011
102021000010000100001000011111
000000201100012120101111021100
102001020010110101001110211000
021100011001110010001100002020
111121110010000102000000000200
001000210000100211020110001100
110001100011120001120000020000
000110011100001000010000100001
111001010012020102001000010000
111201010012100001100011200110
011002010000100001200011002110
000100111201110001100000000000
200001000010000100001102001111
100021000210202100001210011100
111121001000012000112001100000
112001100011000110001102011000
000002211100110021120011000022
000010011100111001001110001100
111001010010100001020010000102
111001010010100101001212210100
202000012000100121001110021100
200110221100011221102110201102
200202002010020111201111000110
000020000000200122201111111111
221100111101111002000202000000
001120011001112012100201100000
002200000000000100021111111011
111011011110211120001000000002
000000200200001111011010110111
201100011000111101201110200000
110021120011100100001002010000
110001100001202012002111001110
202021102001000012000111022110
001111210111101110001120000202
000221100011120121101002000000
110001110010100101101000000002
220000000110011100101101001112
000000000000111011110112000000
110111111101101000010000000000
110201100011110120101201100000
020000011011110100111201100020
112021100011100101100001200000
011020110011100101001010002110
112001100011100211002110001100
110001111010211000010000100201
000000000010000101101011011110
000001111110112102000020020000
200201212010122111001100011000
200001100011011210110111002000
200001100011000111000011100111
000200000000000011001111011010
100021000010020102001111011011
002200202012000111001111111211
111001211012211100001002000002
000001000010202101001010011100
000020200210010100101011011100
000000110001111010110100000000
000110211000100101201210011100
200021020010020100001011011100
001110112011000100021002210000
000102201000110101021110011002
000201000212000100011100101111
211000111011112001100011000000
011111100100201000010000120001
110201100211100101120001000010
011111111110000122001200020000
002001101101010010100101001110
112001111011100111001000010220
110001100011122121101001000010
000022000000000111001110011100
101111110100001002010000200220
020002020100001000010200111111
020020002200000001111110111200
000000111001011110201200000000
001120211000100011000100011022
001102011010100101021110021102
100001000010120101001110011000
000002000000201000011102101111
111101001210000100001000020000
000001100211002110001100011002
000200200011100101111011110110
011000110001110000100001020010
001100111020010002102201002011
101111010112100111020000002200
111001011110001100201000000000
211001112212000100021002010000
011000111001020110001000010000
110021111110001120011000010022
000100011000102001200110011000
111101110012020100001002020200
110001100011100101000020000220
111101001010000100001000010200
112001100011000111022000000000
020001001010110121001010011100
211001110012111000010000000000
111001011012202102001000012000
110001112200100001000010000100
011001110011100111000010002120
200020010200100001110001122011
001221010011100110001102211020
000002110011100021100011000110
111001110011100000000002000000
011000110001100001100001020010
000000020011200110221111010000
020011122111001111110211200000
110021102011000100001000210000
110001102011100101001200000202
100201000010000100101001011110
110001111210210100000000000002
020001000210000120021100221111
000200112001100011001111011000
110001110010100100001000210000
111001111011110110000000020000
200200002011100121101221010011
100001000210002100001011111121
100001000210110101121110201100
100001000011020110001100011020
200001100211222110001101011112
100201000010110101021110011000
200001000010000100001111001110
110000100201020011000110021100
000201100011120101101011010200
001110010101101110000000020002
002001002210002100001011111101
020000000010200102001111100011
002021100011100101001012022000
111000010020102021000011100001
020000111001111011010000100021
011000110000122021112200100022
100001000010000101001110011000
111101001210011000000000000000
110001100221000211020211000000
000000000000000102001111011112
200010011100102001002010001100
000001120011002111101001000011
200022200012000111001111011000
000001200010000102011211111111
100001020010000120001110001100
111001010100111000110000000000
000110001101110010000100000000
002001000010000100111121001110
002020200010111111000110001100
000000000010002111001110011120
002000000002000110021101111111
110001110002110001100000000002
020000000010000100001011111111
001101111000010002120001000211
002200001202010110100111001100
111111110100001220020000000000
120201000012211120111111020000
110001100011000112001120011000
202001020010000111001110011100
000000000010000110010100101111
110020100001110000102001100002
000021022010020100011002111111
000001000010000100001111001102
000000200211100111202011000110
000000020210000100001011211110
001100210010122101001110001102
022001000010002100001111011011
120001011010100111001100022200
111101101011000110001100000000
000000200010002102011001111110
200000000000111111011000100001
000000201100110001001010011120
120001000010000101101111111001
000001000012200101021110001102
111101101100001000002002022002
202000102021012210100111001100
000021000010220111001100011202
100011001111110001100000000020
120001200010000101001110001100
110001120011110102020000020020
000002000000112111111101111000
000000020000101001012010100111
201112011111100112000002000000
100201001110010111101100000000
011001110210100100001000000200
000002000010010101121012011100
111001010010102101000020000000
001111110112001100001002000000
000220000120001000011211111111
011120101001011000010000000000
201100011000112021100011101100
220001100011100121001211000200
000111001010010110100111001120
001100011001100010020100211000
200021000010001100011111101100
011111111112000100001200010000
000000000011110111101111211000
000000001100011011100011000110
111021011010011100010000100000
000000000000111201010012011100
211100101101002010000100020020
110001100011000110000100001000
102001002010022100111001111111
011200111011011002000000000020
002100111001110210000102221000
021110210101100011002200000000
001101111011110000100001000002
210122101001010010100111201100
000020000010110111110002100001
111201210010000120201000010000
021001012010100101001112011000
011022110000120001100011000110
100001002010110101101211211120
000000200010000100211000111111
011000112000100001100001100001
002001110010102101021210000112
101101111000010000100001000000
200200001121111010210100111001
200000002000011102111001111110
000020011212112101121111200011
111221010010110100111002202002
100001001112010101101010211100
011110100011000110001100011000
110211111110000100001002002000
110001111010010102001000010020
110001102011000111000210000100
111110011100001000010000200200
011001111110001100021000010020
100001000010200100021111100112
000000000210001100111101001110
002000111101021010210202102000
111111110110001200002000200000
100001000211200011100110000000
100001200010000101001210011100
110201100011000211100001100011
001100010011102011000110001100
002001000010110111021100011000
000021000010000101101010011100
110001110012100101121020010000
011101101020011000010002100020
111101111001110000100000020020
100001000010001100011001111110
100221000110221120011101101110
111001012010110101100000200002
011000110001110010101101210000
000001111010011100111000020020
120001020010000101121110011002
100001200010220110000122001110
011000110001100011100101220002
011111111110000102020000020000
111001110010000100001000202000
002000100021111001102011002000
000001000010200111011111111110
200002010100111002110001100000
022021110010100101101021020000
100001000010000102201110002110
100001202010002100001100001112
011001110000120001000011000000
000000002120001011011111100110
002002000000011110111111100020
100001110011000110001100011000
000000000000001000011111101122
011201110210122101101000000002
000020020001110010111100210200
011111100010000100001000010000
111111110112000000000000000000
000020001102011120111111101100
001100211001100011000110000000
100001000010200110021100011000
211121100010020100001000010000
110001100011020102001000010000
110021120201001010012100121111
000101111011102111000000000000
100011001110110111000000000000
000021110012100101101001010020
001200010002100111001120211020
002000000200022110001111011110
211201110210120101021010012000
011020100021000010001102011000
002111101011110102001020000000
111001010012100101001010000100
100001000010002111101100011000
000000010010120101201110001100
111001011010010100110001100211
000000020011000012000111201110
002221220010000111101121200000
112021110000111200210000000000
011120101000010000110201100011
000001011012100111001102011000
000002002100001000011011111111
001201110011000110001100002020
000001100011010111101110210020
110001100211000110001100011111
000201100011000111021010000100
110201112010111102000000020020
000001100011020111001010000110
022000022200020111010010102111
020001111001110011002200000002
020001000010100111001100011000
100021200210000110100101001110
000001110010112101102000002000
200000020000112001110011102100
000001100011100101001011110001
000100001001110001120011000000
022020110201100211100001100000
000000010011102110001120011000
110001100011000112021000010000
211101101210012100020000000002
200100001011110101100011000002
011001110000100001002011020011
210200110000110000110020100001
212020100001100201000011202011
001200010010122101001010011100
002001000010020100001111111020
110201100011000110120111001102
110001100211100111021110012000
002111101111111120010000000000
110001110000100001100001000210
002200000000011202110011111100
011200110001110012101101010010
002020000222011011110011000110
000010000100111111111100011020
110001100011110000100000000000
100021000010000111001111002112
011110111101112010000000000000
002021020010110101101010011100
000001000010002101101111000210
110001111010110121121200010000
110001100011020110010111100000
111001010010120101021022010000
000021000010200100001111021100
000000020011110100100001100001
111101011210110101100000200000
010022111000011000110001102211
000001222210010121101112001100
002111111010000102001020010000
110001100011111001100020020002
102001000010200101101111001100
010000110002120201110211120001
110001120011000120201000010200
000001000010010120101111211112
000002011002110011201100011002
110001102011002112220100001222
110111111010110002020002000000
111101021210011220110001100011
100001000011110000110020100001
111001010010100201110000000000
100001000012020100001110102111
000110101021012011120000020002
011120100001000210001102011002
000201102001100001010010102111
200000000000201100011011111100
000110001100011011110011000002
000000000122011000100111001100
000021100011000110221111011100
100101111000110001102022000000
011001110010100101001000200000
110021100011020112020102000200
011101101111001110010200000000
000001220010002111000011000110
110001100011100101000011100110
110112111000112001100011000000
000001000010000100111001011110
000022000000000101111110111021
111001011010010000110000002200
211121111010110100001000000002
000110021101111010201100011002
111210010100101001112001100000
110201120011010111101000010000
102001002010000100021000211110
011000210002100001010011100011
202001110010100101101001100001
102011000111111111100000000002
102001000210001101111110011000
112001120011022110001100011000
011000111111000112201100211002
000201022011120110201102011020
100021000010000111221112000000
000021222010210121101112200002
000001102111001111010011100020
111021010010110122100202000020
110201100011111100011000000002
110001100011000010020100001100
111111011110111000000000000020
111111110010220100200000000000
110001112010100101201020010000
011201110000110220120001100001
000020010011100110001100011000
000202111101011010110000000020
001100110021000210001100011200
011101101010011100000000022000
000000010000100001012011100211
001122011000112111100200000000
110001100011002111111000100001
110001100211000111100001020000
100021011012102101001012211100
002002200120011000100001011110
110221110012100101101001010000
002010110100111001100020000000
002000011200110001002110011000
000000000010000120201101101110
001000210200120101001010011120
111001110211110110002000020000
100021000010000100001100021110
112001102011000010000110000120
111001010010000100001000012022
110201110010120101101000010020
002021111012012100001000010000
110001100011002110000100001100
221201010010100101001210011100
110001110010100122001220000200
200001010010100121001110000002
111121110010000120001000012000
020200002000021201112011101102
011001111010210100000000000000
011001110010110000112001100211
100001002210000110000110001100
002021120211110111001020210000
011101101010010200100001220210
200020000010022100101001011110
011110102101001020010000122221
111101111110001002000000020000
100021000212200100021110011000
200200020011100111000011100110
200000000000002011000111120111
201101211010100111001100011020
200202000011101111011111100011
211110100100201000010000100021
011000010200100001110011120001
011000100001000010001120211200
000001000010000111001110011100
000212020101111012111102211002
001100011001110010110000020000
000001100011111100011000110000
200001110000100001000010120111
020111111112021100001000000000
110021111010010100111001110000
111101111011100111000000000002
100001002012000102011111100110
001100011000111011000110020000
011000110021100011000111021000
111001011012220102001000010000
000020020012110101001010211120
000001100211000011110020100000
110011110110111100001000010002
002022000010000100021100101111
001101111010000102201000002000
011000111001110011100120001000
011111102110001100001000010000
002001020010012100101101201110
100001000010000100001010011102
000000000000001011011111102112
101101010010100111001100000000
000200000000210101101110001122
110201110010120100001000010002
120021220010112111101101011010
001101111110001100011200100000
011001111110110100021002020000
100201000010000111111100111001
000000000001100211100001100011
000001200010200100101021011110
100001002010002102001111100011
020000000000110101001010011102
111021011012010100111000012220
000021011110101101011110000000
102001000012001111210011100011
002001000212000100011111100000
100011002110021100111111000110
111101001012010100110002022000
220201100011000110001110010111
100001002010000100001011011110
020001000010001120011101121110
111021011010112201102000020000
002110001100011200111011111100
220000000011100101011211100110
102001000010000122201101001110
000001000210202101111110211000
011000110011000100001000012000
110001111010010102201000210000
000000000210002111101100011200
111101111020210000200020000000
200000001000010100101111011000
110001100011000010020112020020
100001002112211100101011011100
200000001000012110121111011100
011021110000100221000010000102
002000000001110011100111000010
000001110011002112001100011000
110001110010110100001000000000
000100201010110101001010011102
000001000210002100111111011110
001110210111101100022000000000
000100011200100201000110201100
110000111001110000100001000200
000000100001110011110200100000
000110001100111101001010011100
110021100001000011100001000200
000000000010000100011111101111
001000010010102101001112011000
200002201110110101001110011200
011120101001010010001100011020
000000010011120111001000010200
110001100211110100111200010000
000100021212010121121110011202
110001110011100120001000020020
110011112112111120000002000000
112111101121110001120000000000
000000111111001110011102111000
112021110010102001002011102001
200021002010000100001001011112
101101012011100110201100011000
000002002002002100111211011100
201110001100011020110001122011
002001011111101110001100002200
111111000010000100001000210022
011121121011011202012020100020
000000000010002121101111101111
110101111010000122000020000020
000011000112001100011001111110
020000000001100011001110011110
011100111000210000110020000200
111111111100110202000000000000
021101111010000100001200010200
020001000010110101111112011000
000000000000021011110101101000
100001200010200100001101001110
100001000010001120111111011110
100001000010002100001110000110
200000200210212111121100011000
102001000010000102001021111111
110201100211002110001120011020
112001110010100101001010210020
011210110100111221100000220002
001101211011112011000000000000
000201110000101201110011000000
002001000011110110111100200000
111001010010111120200202002000
001100011001111010000000000200
211101100010000120001000010002
111111011100001000000000000200
000020000010020100101101021110
000001002010200101101111111201
000201100011000110110111002200
110001100011110101101000000020
001100011001100010001100011000
002000000011200110001100111111