100021002011110110100021100001
011100101111011100001200000000
000201000010000101101111011010
112021110210100001100001102001
111001111111000000000000000002
000000000120021200110101001110
000001000010010100101111011110
000101111011100120201000000022
000020000010200100001111121100
110101111010000100001000000000
000211202110001111110110000220
021120111001010010101100011020
202111011010100111001100022000
110001100011000211200010000022
100001022010000111001100011000
111101201010020120001000012000
100001020210000100201111000010
111111011010110000000000000200
110001110000100001000211000010
110221102011200100201000012020
102001000010000100001111011011
002200000000200011001112100111
110001100011000110001100211000
200201000012000100001011011111
001100011111101100200000020000
000021120011100101001011010011
011101101110000100221000200220
100201000010000112001102011000
000001111110110102001000020220
111101001010012102100001120011
000021111012010100101001100001
000220202010002100011120121111
010000100201000012000100001111
200001100011000110111111012000
000111201110111111010002100000
011121101010010120101001110001
100001002010000100001010011102
011101121010012100101200010000
110001110010110202102001022010
000001000011100111002010002110
000000011000110001111010111101
100001000010000100021011011110
100001022010020101101011011112
111001012210120101111000010002
000000202012002102211100101111
000001022010000101101110011000
000201102011200110000100001120
020001100011000110001111011110
110201102011200211100001000012
200001002010000100001110011110
011201111011010000002000200000
001100011100100201000210000100
110002111100011000110202000000
100001220010200111001110000100
110021100011110100000202000020
000000000000000011111101100011
002000200100211002102001211110
020021120011000110021111101101
000000200002010100101111202110
110001102011010111101110212200
000221111210010100101001012010
111111000110001100001000010200
011100101011011110010000000002
000001000010002100111111100110
011111120010202100201000020000
111000210200120001000012020110
002001100011101101011011110000
000120001011110101101211012110
202010011102111001001010011100
002001100011100101112000000000
210020110000110001120011002200
200000000000011000110001111110
010000120001001011112011000000
000110001100010000100111211200
021100111101021010010102100201
110001120011000110200120000200
111101001110011100021000220002
110000100001100001100001000011
000000000000000111001111011110
000001020010000101111110001100
111101001010012102001000000000
220000000000212110101101011110
110001111210010120001000000220
100001000011100111221100011000
110001102011000110020100001100
111001110200110000100001100000
000111201110012101101110201102
111001011010110100001000010002
011001111010010100101200000000
001110010100101001002010000100
111101111110000120001000010000
221000110001100211000110000002
000020000000110001121110011000
000000202101111001120011000110
000001000012000101101112001100
002010200102011020101001011110
022010021100010001101110011020
000011102111111102001220000000
110011111111100011200000000002
110001122011000111001000010020
000220200010000111001110011112
022002000000011000110111122110
110201100011000111020000000000
100001020210000100001110011110
000011020110001100211111100110
021110010100101201010110111000
100221002110201100211001111110
001100011001112000100201000002
101101111011011000012002002220
222000002010020101101110011000
220002002010120111001100211002
000000220011100101021010010111
011101101210000100001000010000
110001100001110011100001100211
102001112000111001100200200002
000000110001102111000010200111
110001100011000111001110222002
110201100101111000002202000200
112001100011000110001111010000
122001020210000101111110000000
011002111201010010000100202220
000001002010200120111001111111
111021110011100110000000000000
011001111112000100001000010000
200001000010200100001211011112
110001100011000112201120210000
020000020000001000011002111111
000001000010002102111111011000
011012110100111000000000202000
102021000011020110001102011000
000000202012020102011110111111
000100011211100110001100011002
111001010210110120101001000012
011110100011000110001100000002
000100001000010101101012011100
110020102001100011000110001100
000001012212102101001112011002
011001111011010000110000200000
002000000010021120111001011110
000201111112001100201000002000
000000011010110121121011111100
110201100011010111101000010002
000000020010222100001011111101
001102111011010110101100000020
000000000101021010110111020110
000000011102101001010112011200
000001000010200111101111200000
111001012010100001000012100111
002000000010020101111110111001
100001000011200011110110001100
000022202002111011011100100020
200011002110001102011100101111
000000020100011110101111011100
112221110010100101110211020110
001100011001110210200120002000
100001000212000110001100011000
200000000010000120201110011111
000011111111000110001102011200
111101101011210000112000000000
100001020210000110201100011000
002002010000100101001010011100
100001000010200120001111200010
112001102011000110001000010000
000001100011000011000110001102
000221102211002111101000002000
111111200110021100201000000000
011121121010200100001000210220
011001111011210110120201020211
111001010010100101201200010000
000001112002110020100001000011
200010000100001011112201122000
000000000200000011110111000110
100021000010000111111100100001
200200000010000111001112000110
011111100110220100000000000002
000020000010201100011101101110
011101101011200110001100011000
011001111210000100021200200000
100201001010010120101011011102
000000111001011010012100101022
000000000011020110001101111111
011001111000010002110000002000
000111111011100100001200010000
000000000020202111201111100111
001101111110000100000000000020
000000000000000000111111211110
111201010010122101001000000000
000001020010000100021111011011
110001110010100101001211200110
000002200001100111001100211000
122001200010000110201102011000
111001210010100101201000000002
100201020010020111111120011000
111001012010100100001020022002
000110111101201000010002000000
000000011011112110001100011002
000000200000110001100111100001
112021100011110100000000000000
011001111010011100001202000000
011000111211000110000200000000
211101101011010110001100011000
011020110001120001110002100000
111201012010102101201211210112
200000000011112011110021100011
011001110000110002112000020000
001100011002111001010110111020
111000011000012000102021000011
111101011010000100001020010000
011000110102101001110002200020
002001100011000110001102012000
100001000210010101101110011000
001111110110001122001000012000
011111111010110001100000200200
100111001110011112102111000202
100001000010100111001100020000
000000000210010111101111011112
001110010101101010002000002000
000110001100010101101010011102
102201000110201100111201011110
110001100011100100201020200000
011000110211100101101001200011
111201010210000120001000010202
020110011101121110021102011000
101111110111001000010000000002
110001122011002110001112022200
000201000012100101021110011020
000002000010201100011111111000
002100001010110101001010011100
000220002211011011100110000000
000001002010000101001010011100
011100100001000010001100011000
001100111001011000110001100000
211000111121021110011002110000
112001101011110100001200010002
200120001011010111101000000200
000000000000201200111111011000
110201110011100120001200000000
021110110121001010210000000000
001101111010010100101001112201
111112110101120200200000000000
211021110010110102000000000000
111121112011100100000000000020
111101111000010020100001000212
002001100011002110001110010000
000020000000000001111110111000
000000002220000100211001111110
211001110012100021000010220120
000000000000001002011111111220
000200110221100011001102011000
111101001110011100001200000000
000110111111001110010022200002
111001010010100101000010000120
000002110001122011101100010000
110001100011020011120200200020
100001020010000100001200211110
100001002011100111001110020102
001100011000110221100111001010
001101010211120110021120000002
200021000012000100001111111110
110001100011000110001000010002
000110001100110111001100000002
002001200012002100111101101110
020000000211010111101011010000
112000100001000210200100001110
002000200000000111100111101100
001111110110001100201002200000
000000200000110121001110211000
201111110111100111001002200000
202201220010000101101111100021
020021110010100101000012000100
100001000010002111110110100000
102001000010000101101110200020
200001020210000111101101100000
020021002010000100001011011112
020110001000010000101111011000
211100101001000010002100011200
000001000010000100201001111111
022001100011200111101111011100
000022011020111001011110010000
001100011200011200010200100001
111201010010100101101021100211
110101111010000102021000012000
021000011020010000110001100011
201000010010120101001110002222
000021020012000112002101101110
000201000012000102001110011111
111111011100000002020000002000
102001200011102111001100202022
110001100211000111021011200000
100021000012000100001000011110
000100001010010120121011211100
110201100211110111000000002000
000001100011100001102211000000
000110001100010000100011200100
000100001001112011020110002000
120021000210000120001111201100
110001100011000112000100001000
100201020010200121101211111111
110001110010120101021010010100
111001100211000110200022000000
110201100011000110001100010000
111000010022100001000011100111
111021010010111101120020000000
000000000020000011000111101011
121111011112100111022200000000
011100101020010000120201120001
000200002000011220121111000110
000200020012020111001111120001
200201000110111111000110000000
000022201120110011001120011020
111101001110011100002000000000
000110011102101201010010011100
001100011200111111001112010000
100021002010200101101011011111
011001111000110201100002200000
000202220002112101001010011102
000022000001120111111021122000
000000000000002020011120111111
002011011111100110001100000000
111001111000011000012000120001
100021100011000110201100011000
112200110020101001110020020000
011110111001200010000100000000
000020000000000000001101111111
011100120211020110001122211000
000000001110010100101111011002
001001110011120111000000000200
000000001100111201010000102001
111001011010110120200022000000
010022100001000210020111101100
000000010010100101201210211100
020000011000100211000110001100
111001012012102001000010000000
100001002010000100021111202110
000110011111101000200200000000
111201010010000100001000010000
000001002010000102101001211112
000002000010001101111110001100
100021000110001120211011111122
000001020010000101001010011100
110201110010100101000010000110
100001200010220102001110011200
000000022000000111010011100110
110001111020210020100021200000
100001000010010110100111000000
011121100210000100021020010000
100001002012000100111111211110
111001011110022100001000010000
102001020010000111111102000000
100101001010010110100101001110
211001111010200100001000010000
112001110000100001110002020000
200001000010000111101101100000
000110011100112201120011000110
100001000010000110001102011000
111001010010100101001010010110
020001000010000102121111001100
000001000210000111001110000111
001010010100111022110002020202
000001000010000110120101001110
112001120011020010000110201100
111111002112000100001002010220
110001120011100100001020000200
000200000010020101101011011110
110001100011002100001000010000
112021102011000111111001110000
000200001100011211111100000200
000000111001011110210000100020
001100011021110010020100011200
100001000211102111121101100011
000221000010200120001121001110
100001002012000122001211011120
000021120011120101001011110000
201100111001010110121100011000
101111110011000000220000000020
000010000100001100011001111110
100001000010111101001110211020
021111112111201110000000000020
100021020010200100001011011100
110001100011102101021000222000
111021210010102101200012000102
111000210000110000102001102001
100001200010000100001111011012
000000002010000120021112111111
001101111001110000100001000000
011000110000100021000011000112
002200000010111111011122111002
000001111010112100201000010000
020000000212000111111100111000
100001011111111020000020000002
000000011001110010100001100001
111021010010002102001200010002
011201111010012000120000000000
000001110210100121001011110011
111101011000110000000220000000
000110001000010110100111000000
000001000010000122111011011100
011000112001000010001100011200
112201110211100100000000200000
111101110210000100000000000000
100001200011000010000110201100
000200202011100001010011100112
112001121011110100000020000002
111001110011100000000000000000
011101101110002120001020000200
000022022001100001000011100111
112001111010011100111200210000
110001110010110100101001000010
111111011110001100000000000000
100021000010000100001111011110
000221111211110200112001100211
000000020012110101001112001120
000021000010000111111100000020
001111110010000120001000020020
000002001112010100101011011100
111021110011100000020020020000
011101101010010100201000000000
002000000111101111111122011200
220020222200110011110111100011
000201202010000110000111001102
100001000010000101001110001100
000000000020110001102111111020
011200112011110100101020010020
111101000010000102001000012000
110001100011001111010011100000
020000020000000111100111102011
100021110011100001002010002100
111001111000010220100001202210
000001201210010111101100211000
002000020000200000021110111111
102001202210020120101011011102
020020220022020201110011120111
000201100011100111001002010200
120001020010210100121001011110
002000000000110011121100211000
110001111012002102201000020000
000000011000100001021010011100
000000200010000100001000111111
000001100011000111101110021100
022001000010110121001110000000
100001001110110121021110001100
000011111110200102001002010020
111001212010122102001000000000
000002000211000010000110100111
000020002110001100011111100000
111101201010011002012000002000
011000110001100011111100020020
000001001011110111101100000002
111111211112001100001002010200
100001011211110112000000200200
020010001100010021100210001100
110000100001000010000100001111
200112001110110101001010011100
120101001010110101001110201100
000000000210200102001000111111
100001020210200100001010011100
020001100011000111001110011100
000001120011100101000010100111
000020020000000100001011011111
022000000000000110010100101111
020001110110111102001000000000
110001102011011111111000100000
000110001100110001200212000120
000002000011000110001101011110
111101011210000100000000000200
102001000010111111211100100200
002201000010000100011011111102
102201221010010111101102011020
011000112201110000100001000010
000001110010110000110200100000
000002101001112011000112001100
000001110010100101201010200110
020000200000021002210011101111
110201102001100001000011000112
000001112010100101101200000000
111111111110000100000000000000
120001100001200010020111100110
100001010210100111001100000000
000000111011010102101001010011
111001112010000100201220000000
100021020010000111001110000100
000001110210100121001000010000
010200100001002011000011000110
020101101211110111200000200200
110001110020100001000012000110
100001000010110111201102011000
111021120011020110200000000020
011111100110000102000002020000
001100011001110220110000100000
011100111102001000010000020002
001110010100120111001000010000
002001000010000111101101020012
000110201111110101100000020200
000000001200210101121010011102
002000201020010012100111001100
100021000011000010000100001110
000100021200112101001112011000
011220110111101101111000010000
220021100011010111101110011102
001110110101001010000100000200
020001100001100001202011000211
111000011102011000110001100011
002010111101011000110000000200
000210001110010100101111011000
022110001120011111101011010200
000110111101001010001102211200
111001010210100001110000000000
200001200010002111101101011012
000200020211110101120011000110
111111000210000100201000000000
111101000010000100001000010000
111001010010110120100201120001
100201000010000111101101002000
110001100201200212002111002002
000000020010000111120110001100
000000110011100101101011000110
100001020010000100121011011100
000000112001100211001110000122
110001101111011111110020000000
011000111021110012000100001200
110021110010100101101000010000
211102120001002212201100011200
000021100001000010220100001111
111201011210011100021200210000
000021100011111102010000100021
110011111110000102201000012000
001110010102100201001110010000
001110111101000010000000002000
000001100011000111111000000000
011101101011010110100000000000
111001011010011100201220022000
111001010012100100001000010020
000000011010102121221010211100
120201000210000110001120011020
200000000020110001101111110000
200000001101111011010000000000
002211100111111100000000000000
100001000010200111000010020110
021000012011100110001100000000
112001111110111120010000100000
011012111111110110001100000020
002020000101111211020112000000
110001120011200110020110000100
000000022000020012112101101111
112001110010110100111001100020
020001000011120001200010100111
111101001010211102001000012000
000000000010000121111111102220
000001000010000111112000100001
102001000010002100001010011120
110201100011100111000110001100
102011011112100121021110011000
000000000000000101111210111120
011101101012010100101000020000
111110000100001002010000100000
110001120011220011110201100000
011111100112001120011000022000
000000110020101001012210102111
111101001010211100111000000000
111001011110110001100000000000
100001000010000102001021111111
100001020010020100001011011100
011100101001010010020100221002
000110011001100110001000200000
000001111011111102011000110000
200000000010000100001000111111
001100110211200110021100000000
101001010010100111001120000000
011101101010010100101000012000
000001002010000100201011111101
001021110011100102001200012202
000122001011010011100110000020
111111211010000100021000010200
000000110211101111111100011002
110001112011100111000020200200
000021011010102121001210011100
000020002002110101111011111111
000001110010120101201010000000
002000000020010102101111011000
201000010011100111201200010000
020021000010110101101110000000
001101111012020100001000010200
111111000110000102001020010000
011001110010200120001200010200
110001111010010000100001100011
001111110211100100000020200200
000000110201100111121120000200
002101001010010100101011011100
011000110011120001100200000000
000001111011100100001000200202
001102111011000110001120011000
000222110100101221010011100011
002100201020110021000010011100
000000020012000101101011011100
020022010000100101001110001100
100001020010000102001110001100
110201100011100101110000002000
011001110210121101010011100000
000200020010020101111010111100
010002110000100001100001100001
020202200010200100111111000110
010000101001210011120110200000
110001100011100021000010000111
210020100001210011102011020110
111101001110011000110000000200
011100111011000100000000000200
202000000001110010100101011002
111101112010020100001002210200
020001002211122111001100011000
111001110011100201000000200020
000010000111111111001000020200
211101121010000100001000000220
102001000012000100001011011102
010000102001000110001120011000
022001202010000111001111011110
021100011002111011110200002020
100001000210000110000111000011
110001100001100001000011002000
100001000210000100001111020110
010000110000100001100011000110
211001110010102120021220010200
000220000011102111101101000000
111101101220010200102000000020
000012021111010112121111010000
000000000000002111001110211102
000000000010000101101111201110
011012111101202110000020002000
100001000010001102111111000000
020011020111111110201100011200
220021122011002111001210010110
100201000010000100201100001110
100001000010020120011011111111
111101111010211100000002000000
102001020010000102101111011020
100201002010000100101111000110
111111211110111100000000020000
110001100211000111021011010011
000201122211110100021000010000
000201201010010101101012011120
200221100011000111101000000020
000001002011111001110020000000
000001110210111100201000010000
000001200010001111111121111000
020001000012200100001111121100
000001120011000110001111110011
000020000012000111001111000112
211100101011000112201100011000
220200000200000100011101121110
020000011200122211001100211200
100201001010010101101110202000
000001000010011120111111000000
000000111011010002110001100011
110221101011010110102111002000
102001000010000100201111000110
111101000012022100001000010200
110111111000110000000000000000
011001111011002110001100011002
011000111101021010010000000020
100001000010020100001010211100
110001111010220100001000210220
111001110011120100021000010000
000000011201111110011000100001
020001100011100101100011000000
111001010210110000120001000010
000001100211200110001100001110
000000000011122111001110000110
211110110100001220010000200020
000012001100012211101100011000
111111110112000122001200210000
000001120011000110001110001122
000001102211010111102000000000
200021000210002111101111002110
211202010000100001120001020211
111111011100001000000000202200
202000110000100001102011222110
000000000210202111021111211010
000001100011100101201210000000
000001000010200100101111011110
100001000010000100001100001110
000200110001110111100000000000
120001021110012100101001011110
110021100011100101121001020000
000200000100111001112112001000
202001022010110101101112000000
110201100011002100001000012020
111201010010100121001011010000
110001110000110002100001100000
111111110110000002020000000000
101101010210100111001100000000
102001000010212101101110011000
111001010010102101101001100000
120001001010010100101111011000
100201001211110011200112001100
200000000000020001121111111011
000002011012110111201102011020
111001010010110100001000010000
000000000010000100101111001102
110001110011100120000002000020
011100121001011010002100000000
110001111110002100001000000000
122001200010201100111201011110
002000200200011100101021011110
011101101010011100010000000022
100001000010110101201110001100
000000202100001000010111120112
020200011001110110101001110001
001100111100001000010000100000
200001220012000100011101101110
100001000012110111100200020020
000001001110011102111111120001
021100011000111201211110012000
111020010000100201000010100111
112201111010010220100001000011
101101010011102110021100000000
002000011000111201010010120001
200001010011100110021102000000
002021000011100001000011100011
222002001100111011010100101001
200020000122011100101001211112
020000110011110101101220000002
000022000010000100001011011111
002020000102001002011101121110
110201100011112020110000000000
220100001001110011100111011000
021100011000112011111120100000
111001010002110000100001020010
000111001010010100101011011100
110021100011020211100001100002
200201001110111101001110021100
100201112011100021000010000020
020000011001111010200100011000
000001000210200100201001011110
211100101001011010011100022000
111221210010120122001000210020
000000000010000100001011111100
000000002100201200010011100111
200020000012200100201200111111
001100111001010110101001100000
020000020011200111001010100111
000001111211100111021200002220
220000021120010001120011000110
020010001100110111001110000000
000000000010200100101111211000
000020111001011110001100011000
000020211000110101101111020012
111001011010110100001220010000
200000000010110111201100011200
111101001110021102011020110000
000202102001200011100110001100
000021000010111101021110221100
111001010012100101111000210000
111201212010102121000010000000
000001020010001100011111111022
100001000010000100021110011100
200201101101110011000000200020
000110011001120011000112001100
000221100011000110000100001120
000001200010022100021001111111
111101112010000100001200000000
000000000020101001010010100111
020111001110010111102011000110
000000000011000111101011000200
100001200011000011100111000210
111111000010000100001200002000
200200000020001010012112100111
200000121221210010100101001110
000101011010100111000000000020
011001111210012100101001200010
100001200210000100201111111110
011020111001010012100100011000
111101110010002100001000000000
100001021010010100101111011000
000021100011220110001100201110
001110010120101001002110000000
020001020011120110001120011202
111211011110000222020002000000
100001110011000110021102020000
111101111110001200010022000200
112111101011112100000200000200
120001200010002100001201011110
000000000010000111001110102111
211220110201200110001102000000
110020120001102011000110001102
200001000011000011000210000111
011221110010100121002200020000
000000110211100101100011220110
100001000010000121101111002000
011121121010000120001020010000
100001111102001220210000100001
100001000010000111001120011000
020001000110111111001100011020
011111100110020100001002200000
111001011010010100001000000000
111001010010100121111020000000
110001112010000120001000010000
001111110111002110000200000000
120011120101001011112000220200
000110001002112101221012011100
100201000010202111101120000200
111001011112001100001000010000
111101001110020100200000000000
000001120011001110011111110000
100001000010000120211110100111
022221000012000111001110211000
200021000012010102121111011000
011001110010100121001011100021
200020200012000101101111000210
110001110000110200102001200002
111111211110001000010000000000
111021010012100001000010002000
000200100001000012110101101110
112101101011010111101000010000
100001020012000120011100121111
111101021010220100001000012200
002221111010011122110000000000
111101001010011100000000220020
102001002012000100021100001111
001112010100121111001102211000
110001100011000110001110011100
110001110010120100001220000002
020000000010000100101111011000
112121111010110102000000000002
110001102011120101021011010000
000202000010020100001000111111
000021100011021110010101101112
001101011010100111200110000000
100001000010001100111011011100
020001112010102101101000010200
200001200210200111100111000011
200000201100111001110000100000
000200020211100110201102011002
111001110011120100000000000000
112001100011200111021210000110
000000000000000202011110111111
000000020001100011200111001112
102021012010102111021100011020
000000000200011000101001011110
002101001010010111101100011020
100001000012200100211111100110
111111021110000100021020000000
011001110010101021010010100111
000020002100021011010011100011
000001100011000111001110011100
002000000000110111001100011200
001110010010100111202020200020
111001211000011000010000000000
001100011011110111021020010000
111001010100111000000000000000
020200022201111110210000120021
000201000010020100001000111111
000001102001021210012111100110
202000000021110110121001210000
011111111111020110000000000020
110201100011002110021002200000
200020001210010111100011000000
000000011011110110121101111002
200020000000000110001101011110
110001110010100201000010002100
111001212010100101100021002012
000000200200000101101111001110
220110001102010000100001001110
120001200111111001100002200020
000000001110010100101111000200
000111001010010100101111001100
002100001000110201001010011120
110001111010011100001002000020
000100211201100110001100000000
100001020010000111011111100000
000100001000010001100012011100
110001100011000112001202012000
110001100011022100201020010000
000110001202012201101010211100
200000111011010000110001120011
020011020110201100011101101112
111111200110001102001002010020
110001100011100101001020012000
120021020010000100011000111111
111111011110001120000000200000
020200000211000110201121011110
000000000210200101101111001100
100001200010110111121120011002
020000000010010111101111011000
001021110011100102021000000002
000002000001100011002111101002
111001110211100102020022000200
000000111001010110121201000010
100201000011100110001100000000
020001100011111101101020000000
000200002000200011100111011110
110001100011002110021000010000
002000000020001011010011100110
002201011010110111110110100000
000020001000010100101211211100
000000001000010110101111002110
110001120011111111011000010000
001102011020110011100020000000
000002000011100111000110201100
011020100001000110021100011220
020011000110011111101102011000
000000111201010110001100211000
011101101011011110211100200220
111101201210012100000000000000
100221200011000110021100011200
002021020010110101101011011110
000001100011210112101111002112
001112011100011020110000000020
000111111110000100001020000002
000001112210110100101000020002
020001000011100201020011200110
020001111110201100011000000000
000110201100111001012010000100
200001010210100111000112201102
000001001010110111201120002000
000000002000200011110111101000
000200000000020111001111011010
002202022100111201110011111100
110001110010120101001010010122
111001110011200110001100002000
111101110010000120021000000000
000020000000110201100111121100
220000110011102110001100000000
200001100011000111001010012000
111111001112000002000020200000
000000010012100101001112001100
201100011100101211002110020022
200000002012020100111011011100
200201200012000111001100011000
110001100011002102021000012020
000001000010002111101120011000
100111201011010011100211202000
000100001021110112001100011020
011001110011100111002010020002
000001110010100101111000110002
120001100001020011110110000000
022000200001100011102101111000
201101111010010100100221000210
001100211211111111010002020000
100001022010100111021102000200
021000010002100101201012011100
011100101201010010000100011020
000001200010000100001122001111
000110011000100001001010011120
002002200110001100111111011110
000000000000110111101101011010
002000000011010111101000010000
112001112010100001000010220111
111101111210010100000220200000
110001102011001111111201100000
000001000010000100001001111111
100011000110011111100110001100
100201000210000111110011100000
100001000010020100001110000110
000000011011100011000110000020
000001100011000010100111020202
112001120011002111001110020200
000020200010010100101001011110
111021210110111000110001100200
120001000010000110021100011200
002001100001000011110111120002
000000000102001200011001111110
001101111011110100100001000011
000002000201000212112101101111
201121110010000100001000010002
111101112010000100021002210020
020000200000010011100111001110
220001000010002101101111120021
000000000011110111021110012000
000121111210110100001000210000
111201010010112100101001210020
011100111001110010002000200000
111111110102020000000000020000
000000000011000110020111100001
112021100011120001000011020012
120001000210002100001100001111
002001000010020101101210011100
011201110010200100001020010000
000000000000000000010211111111
000000000001100011000111011011
011110111201000010022000002020
110021100011000100001200010000
111001212010100121020011100110
111001110012020100001220000000
000000111011210100120001000012
011020110001110010102101120000
000020000010001121111212211100
011100101000012000120001000010
110001100011111100011000100001
011022111011011100011200020000
000000202001000010110111001100
101101010010100101001110011000
020001110210100101121211010200
021000010020100001001010011120
111001011010010100001002010000
000001100011002011120001002211
000002020011000010110111001100
110001102211100101001002000000
100201000010000100221012011100
200201100011000111001011120110
100001000010000111001110111111
000200001010010101101110001100