020121111200110001100000000000
011000111101000010020100001000
110111111010002100221202000002
001110010100100001000010001102
000202020011000111011010110111
120001000012000122001110211000
001100111011010100101001110000
001100111001110011000002000202
100001110000110022110200100000
011110100101021110001000200022
110001111110111121101000020000
200020201010010111120110000200
000001112211100111000000020000
020111111012020100201220210002
110201110010100001200211120011
020000000000020011001110100111
111111021110011000110020000020
020000000000000111110111101111
011000110011102001100000002000
100021000012000100201100001112
000001000010000101101211211120
111121001110011120000000000000
000000000011211111101020010000
100001000010002110001100011000
011000110211100101101011010002
020202200000110111100111000010
000110201100110001001010011100
110001120011100100201000210020
000021002010000102001021011110
000001220010012100101111002002
112001100001001011110110000000
000000100201000010000111121102
001100010021120110021100000020
020001120011000111001010000110
011001112012100100001000010200
011020111211110000000000000000
001101111000012000110220002000
100001020010110121101011011110
100201001110011111120000000000
100001110100111000112201100200
111111110011100100001000010200
110221110010200100001000010202
011010111101000110002000020000
200000020101111011101100000000
001101110210000100001000010000
011001111000010000102001000000
110001120011200111001011212012
011110111111002110000220002000
011100111001000010020102011002
011001111100001020010000220000
201102011202110001101110000000
000001120011000111101000000000
200001000210000100001111100110
011101111010110100200202000000
102001000012002100011011111111
020201100011112100001200010000
110000121101111000010000120220
100001110000100201220211002110
110221102011102111021000010000
200002110001110112100201000200
111021010012100101001020200000
110001101111111100010000120000
102201000010200111000211100000
002000100001002011000011100011
100021000010020100111111011200
001112110101001020210000000220
111101011210220100001000010000
000002000020200101121111011210
110001110210102101101001212000
100021002210200111100001120211
020002200101111010000100011000
101101111011010000110002100002
000110011101100011000002022000
111001011212010102101001010000
101101111001120000000000202200
000110001020210000100211000110
000221100011000111000010022111
100021022010002111001111000012
000000010010100101201110011000
102021112211020110001100002000
001100011100120001001110010000
011001110010110100110200100000
011000111001020010001100211020
100001200010000101101111000010
122001020010100101001110011020
011000102011200110001100011000
000010001100010010100111020110
000201020011002110001100211000
110001100011110100100001100001
110221100211110100100201100011
000010111101011012110020000002
100001002010020100001111011000
000110001000010002100111202110
200000201010210100101111011110
000020000010011111101100011202
000020000010020120011001111110
000001000212000101101011111101
100001000011000110001102011000
111001011100110201100200000000
002001000012000100111111200000
110021102011002110001112202120
200201110211100111001111022010
110001102011112000102020000220
000200202010000100001011211110
100001200012000100201112011100
110001102011000112001100211000
000000011001110010002100011002
011202110021100001000010000100
111001011010211100010202000000
000110001000010111101100020020
000001110010101101110201100011
111021010010100001110200000000
110101101011110011000000000000
000100001000210000102001011110
002010202110011111101100011002
110201100001100021002211000011
111101001010000100001000010000
120201000010000100221000211110
100001002010020110001120011000
102001002010100101001110002022
000001000011100111001111011110
000001000010002100021111102211
110001100011101101112001100000
111101001010010100021000000200
100001110000100001110011000110
001101011111111110002000000200
000201002010000101001110011002
110001100011000110002110002100
000000100201102011000110001102
001110010100101002010000100200
011101100010000100001020010020
111001011210010102001000000000
110001100211200111001110021102
120001002010000100111111101102
100201000010000120001011011102
022110021100111001010000200000
011020112011100101200000000000
110001101111110100001020000202
111101011002110000000000020200
000000002000000111111011110000
100001110000111000110000000000
011000110001100011000110001102
011001110020100021112200000002
211020110011100121111001100002
201100011010100101001110011000
001000110001000010001100011002
111101001010010100101000010000
001100011012110111021100011000
011111111102002000002022020000
000222002000110111100111000002
020000000010020100001211011112
101111010110100101001110000000
020001220010111101001010011100
020000000001110112101100011000
002202001110111101011210111122
111201110012002100001000000002
000200021011010111101112000202
000000000001110012100101101020
000000011220110101001110011200
111001110000110020100000000000
100001000211111000010022120002
200001000010200120001111011110
100021002012100101001012011120
001001110011100100001000010000
200000020000002100011111100011
201100011001110012110100211022
000001110010122101121000010200
000001202011202010100111000110
100201002010200101001010011100
000001012010102101001210011122
100201000010000110000111120111
000001002010011100111111001100
000200200000110111101111001111
000110001011110110000000000022
111121121100001000000000020000
002001012010102111001100011000
100001000010200100021000111111
110001120211000111001000002000
100001000012200121111110101101
000111111011100100020200020000
000202200210022102001111111001
000020000011100111001110011102
000021000210110111111100120000
102001000010000101001210011100
100001000010020100001110011000
110001120001000011100001000011
000001021111111110011102100021
100201000210200111001111122000
000000200001111001110211000000
100201000010020100001011011100
011100101201000010001100010020
111111111102011000002020002000
211000110221110001100011200000
011101101110011120002200000000
110221120001001010110101001112
100001100001110000110201100000
000000000012002110010111102211
000000011200100021001010011100
110001101011010211120002000000
200000000020110101021010011102
022000000011110111000110200000
022000200000000022001111111111
220002000010200100021001111110
000120201000010100101221011110
111021011110021100211002000000
000000001011110111101120011022
200000100001210010102101001110
000000000010100121021010011100
011201110010100101001000000000
110001111011120011000110201100
010010110100111020110000002000
000000011000110111111100011000
000000000000020100111001111111
000000201000010011101100011000
002000220000021100011110111111
011112100111000120001202000000
101101111020010020100001200000
000000000020002011101111010110
011100101000011000010202100200
111001112012000100001000012002
010020100001101001010010100111
110001100001100001000010000100
102021000011200210000110002110
000000011000111001220012001100
200000110001110010101101011000
000020110221120011001110010110
101121011111100000200000000002
100001002010002102001100121111
211020110001000110021100011000
100001000012000100021110011111
111001011010010000100000200000
002020000010111101201110200000
111001010010100001102001100000
000020020010010100101111001100
111101101011010110001120202020
011001111111221000010000000000
011001111010011102001000000000
200111111210110101102200000000
000202000011200110001110000111
011102102011200110001100211000
101111110100001002220000200000
112021102001000211000010000110
001111010111100000000000002020
200001000010000100001110011110
110001100001000210020111100000
000020000011000110001100121111
201120110211002110001100002000
122001110011100110001120211200
111101021210000122001000010000
000001110012102101021012010002
000201020010000101101011011110
000201000010020122001111101121
211100101011010110002000000002
000221111010010100101001000010
111111011012002020022000000000
021100011221100210000100001000
011001110210110100002200000000
020001020210000102021121001112
021102011001110010102000000000
110021100001100011000110000020
011120001000010000100001100011
001111110100001020010000000002
011200110001100011201100000000
110001100011110101100000000000
000000000010000100001111101102
220001000010000101101011111100
000001102001000210020110200111
000000001102211000111121101110
011111100111000110000002200202
100221200010000122001020011111
110001110012110121101211210000
000000110021100011020111100111
000000000011100101110011102000
000000021100111001110000100000
110001100011000110201110022100
101101211111111022000200000020
000020020000000201111111111000
000020002001110010100121011000
211000112000110000110200100201
000111211110102111001102011002
000000000012010102101101001110
011101120010000100201002012020
100001000010000100001000011110
020001111010010100100001000220
110002100021100001000010000111
001111012111102020020200000020
000001000010000100001000111111
000001000111111000110001100200
011000110001100011000122000000
201111010012100111021120000000
110201110210100101200010002000
100001000010200101101211211111
120021000210000100001110011000
100021200010000100001110011100
201100111102001000012000100000
100201202012202121201110011000
102001000010210102101011011100
111001010010110100101001012010
002000100021001212010100101111
100101021010012111121120000200
000002200011100101100001000011
211001111010000100001000010000
220000200202000011100111101101
011021110010101001110001100000
000012000111111100001000210200
000000200001100011120101111200
112021100011102121001011110001
000000010010100121001110001100
010000101001010010102111021100
120001000211000011110011200000
102001000011102111201112011100
110001110010110100100001000011
011000111111011102001000210000
002111111110021100012000120000
000001100211102101101001110011
100001000211122111021100011202
111101011010000120000000000000
200011000110111101201110211000
112021110010100201100001000000
201100110001000110021100011000
101021010011100011000020000000
111112111101102011000000020000
021000012020121001112211000002
200000111021011010111120011000
100001000012002100101111211000
000020110011000110201100011022
000001200210000111211111111110
000001100011000111101110000000
002002110011100001000011102011
110001120201100001000011020110
110111111110001100001000010000
011002110001102011110001100000
102001000012002100111001111110
000020211000111001110011102000
011010110102111000000000000000
220000020000110011110001100011
011021111010000100021020200020
100001000011100011000110000000
220010200101111210201100011020
200011101111110001100000000000
000001110010100101111000000202
110021110011100100020000220020
001120111011011000010000100000
000100201000010110101111010020
100001000210000100001201011110
000100001001012010100111000000
110111111001100000020002000200
100001022010110111101100011000
022110201010110111001100000000
111001010012020100001000010200
111111011212000100001000010002
000020000000110111101102011000
020020111101111110001100011000
000001111011110100120000000000
000000000010000120001100101111
111001110100111000000000000002
110001111011110102220020000200
111001100011020110001100011200
002200000010200111001111100111
000000111201011012200100201000
100001000012000100011111111011
001101111011111111002000000200
100001000211111110011102100001
000020202000020101101111011011
110001121001110001100000000000
200200000012000101101112011000
000000000010220100111111200110
110021111010210100111200010000
200001200010000111001110011110
111001010010100101001010010120
001100011011100111000110200022
111001010010110120101200010000
000020211111100111022000000000
122001020010000101001112011020
101201110011000110021100011200
000010000100111201001110000000
111111011210000000000000000020
111001010012100101101000000000
000110211101101010001120000000
100001200010000111100001000011
111111000110001100000220002000
000001100001200211100111000011
200001000210200100011100101111
120001000010000101101010011100
111001012010100101000011000012
022000000010000102111111111001
000121111011122120001000220000
110201102011000110001110002000
110221100011120111001000000000
000000000010010111101100011020
110201100211000111110111100220
101101010010100101001010211100
200000000010011101121112000000
211000110020100001000211100110
100201110000110001120011000200
111001211000010000100001000011
002000002000001121111010011100
011101121010010100001202012000
000000002000001020211000111111
001201110011100100001000010200
000000000020000112201121111110
020012002100011111101002010000
000000000010000102001001111112
000201000010200100101101001110
011001111012000100001000202000
111001110000100001000212002102
011100121111000110001100011000
111111000010002100021000010000
000010001110110101021010011100
120001002210200100201000011110
200001110011100111201100011022
100001020010001100011111100110
001100011000110111001100211200
100001200210000100001000011110
000001100211002011120011000112
000001000010002100001011111120
001020110211200110001100200000
002000021200010101101110211020
012000100001000011010010100111
220000001011112111102011000020
112111111012022100001000012000
000000011111101110010000100000
100001200010000110001100011000
002001100001111211112000000202
011000110211100112001100011000
211101111010200100001002010020
000001100011110000110020100021
211001110012100101001011010000
110001101011110101100000200220
000000020010200100001110011110
111111011110111100001000000002
020210000100111001001110000000
200001011010100111001120000020
000101111010110101101011210200
020100001000012000101001011110
000001110010111100010002100001
001120011102101001010200002200
110001100011000111001010010200
001100011011100100201000010000
011002111011000100001000212000
111221010010110100001000010000
211101101210200100021000010000
100111001010210120101221011110
200001000010000101101111101102
000000020211020110000111002110
011100101011002110001100011000
000012020100001111111102211020
112001101011110001100200000000
220110011100101001000112001100
011101101010002120001000200000
211001110010110100121000000000
111111211100002000200200020000
001111112010200100001000020000
100111021012010101101110001100
200200000000200011001111100111
100001000010002101101111202000
211000110021110111100000000020
111101110010200122001000000020
000001120011100101021211120112
002100011201100010001100011000
111001010000110022110000200000
111001010010000100001000010222
011102121001000010200100001000
000000000102001100011101101110
020000000202000101121011011110
110211111110110102001020210222
100001000010000100221110000111
111021210210000100021000012020
000200020011120101101201110001
000000000000111201011110110000
111101011210110100201000010000
022000011100101111001102200000
111001012010112100000202000000
000000000000200011001111011010
020001100211100101000011000211
001110110111201200002000000000
100001002010002110000110000110
200000000001101011010110102111
200001000011111112111100000000
001100011101100112020000000220
002001100011000110020111120011
200200001102010000100111011000
002110011010120101001110001100
000201000010002111211111111002
111001010010100101111020010000
111100001000011020010000100202
100001000010000120001012011100
020001110011100102001020012000
011110101101000010001100010200
111001012000100001202011100110
000001000011100111201120211000
000001000010000100001112011120
000021110010100021100201100001
100201000010020100001111000011
000200200202000111021110111111
000110201100011211112011002000
000001012010100101001110001100
002000000010011100101111000200
000200112001100111000010000102
001100010210100111221100000000
100201000012002111021110000100
000110111101000110021100000020
100001020011002011110000120202
022020020000011000110001111110
011001110010102121001011110000
112001100201000010002111120011
202201110012110120101000010020
000000200010000100101101001110
000010001102012000121011011100
120001002010001111111102200020
200000010010100111001120011002
002220011001110110201000010020
000000000011200011110112121101
011101101010011100010000102001
111101001210010102001000200000
011001111110111100011000100000
110000110020100021110000100201
000000000000020100111011011100
002001111010010100021000010000
120011011111111222000000202000
110001110010100001102200000020
011001111000011000010020100201
000000000002011111101011020000
021111012011102110001100200020
000010200100111001110210011102
020020001100010000120011011100
000021000210000100111101001110
002010000100011011100011000112
000001120011000110001102011000
110101111211100111001000002000
000001000010000100101111000110
000001002010200100001120001111
120201000010000101101111211200
002002202001100011101111011112
100001000010100111021100011000
011101101012200100001002020000
111101111210010100100201000010
020011101111110120021020010000
100201002010000111001110000002
202000000201111221110202100001
000001110011100100221000210022
011201111000010000112002100000
111001110011100102020000000000
222020000011000112001120211100
202001000010000121101111011022
110001110012122100201202010000
110001100011000112021120011000
111101111211120100001000010002
200010000102111011110000002000
000201100011100101201010010100
202001000010000100101111011020
000001200010020111001110111111
020020011000111001001110020000
200000002011110111001200010000
111101001110001100010020000000
200111001110210100101111011220
110001110210110100112001120002
000100001000210001101110001100
110001111110000100001200010000
000000000020201000012111111110
000000020100111000110001102211
011111100110021000010000100001
000100001200110111001100211002
011000111111001100002220002002
011111102111000220000000000000
000000000022202011020111121011
000001200210200100001011011110
001100011101111002000000200000
000001000010200101101111001100
000100201000010001100110011022
020020020010000102201111001111
000001110010110100100021200011
000000000010110111022112021100
002121101011010211100002200200
111001111000211000000020000000
000000000200201100011211111100
000200000010000120021000111111
011101101110000100001200010002
020001101011210110101101201112
000001000210010102101111000112
000021100011101101111000202000
000022000000000110011111112002
100001000010110111111100011200
110001110010100021000011200010
011110111121002200000000000000
200001022010100111021100211200
200122001010110111001102011200
000210000102011020101111011110
000000000001112110101101111020
111111002110000100001000000000
100021000010000100001010011100
120021200012020101111112000002
111001110012000100001000000000
102001000012100111001102000000
211111111110000100001000012000
100201220210012100101011011100
002001111010210000110000100000
000000000010002111120021102011
011101101110000100001000200000
000100011020100001001110001102
020001221210010111101100011002
020001000010002120001110100111
122001002010200100001010011102
111111011112020000000000200000
000100111201110110000000000000
111111110011100000000000000000
000020002200000000110111111001
211111111110111102010000000000
100001000211111000110202200002
011000110001111012000200002020
111001010010110100000002200220
000120001011110111001200002000
001101111011000112001102011000
011001110010100101001200000020
000021002010000100011020111111
000000000012002111001110211100
000201111010110100021000010000
112001100001000011000210020100
001111112010000100001000000000
011200110001110001100020000200
000000000021100011000111211000
102001020210002111000211100111
110001102011120001000012020102
000000000010200101101010211100
011100101011011102011022200020
111111011110001100011000120000
110201100011000111002200000000
000001112010102101000210000110
110001112010100001000211200011
111101002010200100001000010000
000100001000010000100011011100
011101101210000100001000000200
111101001010022102001000002020
011001110010120001110020020000
020110001001110211100111001110
110011111110110101100000000000
111101001110211100001000000000
111111000010022100021000020000
111001010010100101000011000000
011000110021110200110021120020
110001110210110100020000202000
011201111010010100101000210020
111021010010100100001000010020
000000001100211211100110001100
100001000010000111101101011210
100001002012001102111111011110
011121101020210002100001002000
022020002010000111101111020110
002001200011100111121100002000
011111100011000110001100200020
011000110011020112001100211000
011000110021110010120001000002
101021010010102101001112001100
001110110111000120021000010200
002001000010212101121110011000
110000102101011011120000000200
000010002100011200100111011020
001111112012000102221002010000
000020000000000102001110211111
200200200001200210000101101111
020021110210110102100021000210
200000000012000100001221111111
200000021010010100101111000000
001201210010100101001110220022
000100021000010201100011002110
200001020010011101101012011100
111101011010110000000200020020
000200000000020010000111101111
020110011100110021100020000020
011200112001111110002000002000
101101111011020000020000000000
020201002011000011000011000011
001000010012100121021110000002
020001000010000111000011002211
111101001010000120021000010000
111101111010010020000000000000
100001200010000100221110011111
010001100011000110001100011200
201110010110120101001010011100
002221110210100101010011100000
111101001210010102102201000000
110000111020010002100021102001
110011110100111000000000020000
110001122011020100001000210200
020200000000000011101111211002
110201100011000100001202210000
100201200110001100011021111112
011010111101112110001000010000
000111001011010011100110201100
110001110011120120001000010200
111111110100200000200002000000
011201111011110000202000022000
111001011012000100001000000000
100021000012000111100111001100
120001110011000110001102211000
001100011010100111001100020020
200002200211110110101101220210
202020000010000101121111111001
000000000000000001100111101111
110001100011000110001100011020
111001010210111100011200010000
001111110110000102000000000000
110021100011000111221010010110
111101011010000100020000002000
110201100011100121001002000000
000201000012000100101111011000
022110021020010101101110011020
001101111011111102002002000000
000000010000120001001110011120
200200000002000111101021100011
020001110010102101111001100000
000001000012000111100110201120
000220011002112011112110000020
000110021100011000110011000100
000000000010000111001111011000
200200002000000110021111101100
211021111110000100001020210000
111100111100001000000002022202
000000020020010100101111011000
000200000210110101001110011000
000000200000000110111111110110
000000000011021111111200210002
011101111011000000000000000000
000001000111101001110020000202
000001100011000110021100210000
111121111110201002010200000000
000002000010000120001110011110
000110011010100101201110011202
000021020010110101101111001100
011002010002100001002212220111
110001101021010011100202000020
111111200110020122001000010200
000022000012020101101110021100
000020000000000111101111021110
020000000002000101111110011002
111001012210110020102001020011
000000000011110102101001120011
100001001011110021100200000020
001100111201012010101101011010
000010000100111021111110010000
000001000211000110001102011000
100101111011000110001100011000
011000110011100111021110020000
002001002010000100001111011011
111121002210000100201000010000
200220220011002111101001010210
110011100101021011110011002022
001101111012012000100200200000
110002101001010210120101001110
100001020010000100001011011120
000200000110011111101111000110
000001001110111101011110100001
211111111010000100200000000000
000000000211000110101111000110
111101111211102102020000020000
202101111011000110001100011000
111021010010100101001210012000
020001000010000100001001011110
002000022011000110201102201111
111111020110000100001000200220
120021000010000101001112011000
000000000010112111121101011000
000110001022110111001200010200
000002110101111001100000002000
001100011001100010021100011000
120001010011100112001120000000
020000012100101021110011020000
111001010010110100001000010002
111101110010000120002000000000
100001110111101001110000000000
000100011020100101001112200000
000112101101011010112111000000
120111111000112020000020002002
200110001100011011100000000000
111111111100001000010200000020
110111101011010211120002200000
000022022110021100111221011110
000022211100100001001010211100
002000210200100101001010011100
110201100211102100001000202020
110001111110200100001002010000
002001122011000111001000010000
002001111210012102110000100200
110021120001010011100000002220
211202111101011202202000000020
000000002002111202110001100011
000000000000010111101111211200
110001111212210100100001002011
000000000001100011120101111202
000111001210010100101111000000
121101111001102211200002002000
011000111101021110010000200000
002200000010000100001001111111
200200000000221001112111101100
111111110100201020210020000020
002010000102111001122011020110
001100111001011000010200100000
000002211200111111011000010220
000000200002000001110010111101
011101101010000100001000010000
110000100001002010000111001102
000000000200021111011010110111
001110010121101010011102102001
101001010011102110201100220020
110001122001202210100111000000
011000210000100001020011120021
001110110011000120001002012000
021122011002110011100021000000
200001000010011111101102000020
112010101101110001100000000200
022020002010011100101011011100
011200110000100001102221100000
002000022000000111111011010000
200001000010200100011101121110
100201000011200011000010000110
211001111010012100110002100001
100201011010100111001122000000
011002110001102211100001000000
100221000012000100001010011100
020021000012000111001110020100
110201102011110100100000000000
002002000120001000011110100111
110001110010000100021200010000
020021000010000111001111011000
000000111211010100101000000000
101111011111111011000000000000
002112221000110001002010011100
001201110011100111000110200000
200000100001000010210111100011
002020000000200111101111010000
011020110001120001120001000000
002112001100010000120001000110
001001110011100100001000000020
202010000111111102111000000000
000200000010200100111111021102
020201111010010000110001100011
100001022210000110000111000112
011020111121001110001000010000
202000222100111001111110020022
101101211010110101001110020002
112111111100201002000000000000
001110010110100101001010011100
211110011000110201100000000000
111221010010111100000000002200
110201111010011102211000002000
111001010010100121001000000000
000010000100021020010111111220
110001110010112001100002220020
000000011111101100011000122000
000002002220000100011201111110
100001000010000101001110011020
000002000000110101111111101100
110021100011100001000010002100
100001000010000100001000011112
100001000010000120221111000110
011000110011111102011000200020
000001100011120101001010000200
000200011111101002012000120001
110001110012100101110000002000
000000011001110010122101011010
011000110001120011100001200210
111001210012100101000011000110
110001100011000100201000010000
020220000000010100101001011110
002021101111112100022000000000
220000202020000111011011110110
001100111001010010120101020200
200201100011110102021000212200
100001220010000102001110011120
111021011000012002100001020220
000000000210110111001122011000
002110001020012002102201001110
112001100211001111111000000000
110111111000110000000200000000
120201002010000102001011011111
200000002011100001100001100211
000001000111111111100011002200
100021000010000100011121101110
111001110011110002000000000200
200000000211021111011211100211
111101011010000102000002200020
112121111010110100001000202000
011001111211010110100001000011
000000000010000122021100101111
002001022012000100001001011110
110001120011000111100211000000
000021100011110100001020010220
110001110010100101000010002002
011000110001100010000100011000
000001101011210111101000202000
002002000210002120111101101112
120001000010000100001101001110
000000020012000100011111100112
000000200010001100011111111011
002002000210000100001121121111
000001000010000102011001111110
100201002111111110201102211000
000000020011110111121111110000
110001110000100001000210000120
000001002010111101021110020000
111101001010010000100201002002
111111011210002202220200000000
011000110001102011001110011110
111001010010100101001000010000
111001010010100021000010000102
100001000012110111000110202002
000022110001111201110011100020
021100011002111001000210202000
000110001000010000101101211110
000110111111110110001100000000
111021110010000102001000000000
011001111010211100011200012000
220110001120111011000002200000
120021000010020111000011000011
000000000100001110111111020110
220000111001011010001100010000
011001112010100121202002000020
110001112011100100021000010000
111111011010000000000000000000
000020021100110001200010011100
000201110000102201020211020110
111110110101101000000200000000
100001020210000100001211011122
100001020011100110001100011000
000020000010000120011111111110
110001110000111021110200120000
100201001210110101201110000000
100001000010020121101011111111
000110001120111001010000000000
011000112001100011000120011000
000101111011100100001000002000
001110010001102110021000000000
002001000010011100111111200000
100201002012200111021112011120
000001101211112100001000010000
000110001001110111101100011020
100001000010000100011100101111
201120111001011000112021100000
020201102011000111121011000110
000000020010011100121011011100
112000100001000011100111002010
100201000012100111001100000000
200100021011110110001120002200
110001100011000110001200010000
111101111111111000020022000000
120021002012000120201100001111
011101121010012102101021002000
000020002100111011111100000000
020002000000111001010110100001
000200002020001110010110100111
000022000012220102121011011100
112001110010000120201202012000
000000111001000010001120011022
002022011201112110100021020010
111001011110011100110000000200
201101111001110000100000000002
000000000010000102001001111111
100001100001102011000110002000
000021200010000100211011111111
211001111010010100111200000000
010110111100001200010000100000
110111101111110000200200002200
000021100011022110021110010000
111121001000011000010000122000
111110112101121000010000120001
111101001010010122000002000000
110111101001112000002200000000
001111110110022100200000020000
100001200011100001010211120002
111121001010002122201000000200
100001002010110101101111000011
110001100011000111111000010000
111001010012000100001000010000
200012020100201020011101111110
011101121010000100201002000000
020000000211100111001112002100
100001000010002110001120011202
011001111010210100121002020000
111101001010002102001000010200
011000110001100111001010000100
111111110010000220002200000002
002000000011011110111111201120
110001100011200111200110001120
111111112111120102001002000000
001101111011110100102001020000
110001110212100100001200002200
000100111001110112020000000000
000000000000000110001111012110
000000011101101110001000022220
110001100201100001000210000111
100001000012011111101102022000
000001000010110101001112001100
020001100111001111110020020002
000001100011000010200120001111
101101011010120101001010011102
100001211211111000110202020020
111111011100000020000002000000
000001000012200100021100101111
200010000100111011110110001100
011200100001000110021100011002